0,1,168045,94.984785
0,1,168045,94.984785
0,1,168045,94.984785
1,1,168045,91.450722
1,1,168045,91.450722
1,1,168045,91.450722
10,1,168045,92.058070
10,1,168045,92.058070
10,1,168045,92.058070
100,1,168046,83.846015
100,1,168046,83.846015
100,1,168046,83.846015
101,1,168046,86.273275
101,1,168046,86.273275
101,1,168046,86.273275
102,1,168046,88.162028
102,1,168046,88.162028
102,1,168046,88.162028
103,1,168046,87.164284
103,1,168046,87.164284
103,1,168046,87.164284
104,1,168046,90.182121
104,1,168046,90.182121
104,1,168046,90.182121
105,1,168046,89.520564
105,1,168046,89.520564
105,1,168046,89.520564
106,1,168046,92.190402
106,1,168046,92.190402
106,1,168046,92.190402
107,1,168046,89.473011
107,1,168046,89.473011
107,1,168046,89.473011
108,1,168046,88.621720
108,1,168046,88.621720
108,1,168046,88.621720
109,1,168046,87.767622
109,1,168046,87.767622
109,1,168046,87.767622
11,1,168045,91.745176
11,1,168045,91.745176
11,1,168045,91.745176
110,1,168046,89.678583
110,1,168046,89.678583
110,1,168046,89.678583
111,1,168046,88.155221
111,1,168046,88.155221
111,1,168046,88.155221
112,1,168046,87.781478
112,1,168046,87.781478
112,1,168046,87.781478
113,1,168046,89.276896
113,1,168046,89.276896
113,1,168046,89.276896
114,1,168046,94.169286
114,1,168046,94.169286
114,1,168046,94.169286
115,1,168046,97.659087
115,1,168046,97.659087
115,1,168046,97.659087
116,1,168046,98.596483
116,1,168046,98.596483
116,1,168046,98.596483
117,1,168046,98.930854
117,1,168046,98.930854
117,1,168046,98.930854
118,1,168046,101.291763
118,1,168046,101.291763
118,1,168046,101.291763
119,1,168046,103.777788
119,1,168046,103.777788
119,1,168046,103.777788
12,1,168045,91.849668
12,1,168045,91.849668
12,1,168045,91.849668
120,1,168046,101.767991
120,1,168046,101.767991
120,1,168046,101.767991
121,1,168046,95.946812
121,1,168046,95.946812
121,1,168046,95.946812
122,1,168046,98.013586
122,1,168046,98.013586
122,1,168046,98.013586
123,1,168046,98.828682
123,1,168046,98.828682
123,1,168046,98.828682
124,1,168046,97.397715
124,1,168046,97.397715
124,1,168046,97.397715
125,1,168046,95.678059
125,1,168046,95.678059
125,1,168046,95.678059
126,1,168046,100.336521
126,1,168046,100.336521
126,1,168046,100.336521
127,1,168046,102.086389
127,1,168046,102.086389
127,1,168046,102.086389
128,1,168046,101.441581
128,1,168046,101.441581
128,1,168046,101.441581
129,1,168046,103.044598
129,1,168046,103.044598
129,1,168046,103.044598
13,1,168045,91.877725
13,1,168045,91.877725
13,1,168045,91.877725
130,1,168046,103.294560
130,1,168046,103.294560
130,1,168046,103.294560
131,1,168046,103.501763
131,1,168046,103.501763
131,1,168046,103.501763
132,1,168046,101.315586
132,1,168046,101.315586
132,1,168046,101.315586
133,1,168046,104.493414
133,1,168046,104.493414
133,1,168046,104.493414
134,1,168046,105.429778
134,1,168046,105.429778
134,1,168046,105.429778
135,1,168046,105.284098
135,1,168046,105.284098
135,1,168046,105.284098
136,1,168046,100.483937
136,1,168046,100.483937
136,1,168046,100.483937
137,1,168046,104.722107
137,1,168046,104.722107
137,1,168046,104.722107
138,1,168046,103.032680
138,1,168046,103.032680
138,1,168046,103.032680
139,1,168046,105.797578
139,1,168046,105.797578
139,1,168046,105.797578
14,1,168045,92.877767
14,1,168045,92.877767
14,1,168045,92.877767
140,1,168046,107.228712
140,1,168046,107.228712
140,1,168046,107.228712
141,1,168046,104.222668
141,1,168046,104.222668
141,1,168046,104.222668
142,1,168046,104.821436
142,1,168046,104.821436
142,1,168046,104.821436
143,1,168046,105.634595
143,1,168046,105.634595
143,1,168046,105.634595
144,1,168046,106.259438
144,1,168046,106.259438
144,1,168046,106.259438
145,1,168046,107.484796
145,1,168046,107.484796
145,1,168046,107.484796
146,1,168046,106.624634
146,1,168046,106.624634
146,1,168046,106.624634
147,1,168046,107.368930
147,1,168046,107.368930
147,1,168046,107.368930
148,1,168046,108.926925
148,1,168046,108.926925
148,1,168046,108.926925
149,1,168046,109.526969
149,1,168046,109.526969
149,1,168046,109.526969
15,1,168045,93.642078
15,1,168045,93.642078
15,1,168045,93.642078
150,1,168046,108.422070
150,1,168046,108.422070
150,1,168046,108.422070
151,1,168046,107.198594
151,1,168046,107.198594
151,1,168046,107.198594
152,1,168046,105.441479
152,1,168046,105.441479
152,1,168046,105.441479
153,1,168046,103.397989
153,1,168046,103.397989
153,1,168046,103.397989
154,1,168046,99.679893
154,1,168046,99.679893
154,1,168046,99.679893
155,1,168046,100.144115
155,1,168046,100.144115
155,1,168046,100.144115
156,1,168046,104.056249
156,1,168046,104.056249
156,1,168046,104.056249
157,1,168046,103.525565
157,1,168046,103.525565
157,1,168046,103.525565
158,1,168046,101.179621
158,1,168046,101.179621
158,1,168046,101.179621
159,1,168046,101.486394
159,1,168046,101.486394
159,1,168046,101.486394
16,1,168045,93.762636
16,1,168045,93.762636
16,1,168045,93.762636
160,1,168046,103.873384
160,1,168046,103.873384
160,1,168046,103.873384
161,1,168046,101.844487
161,1,168046,101.844487
161,1,168046,101.844487
162,1,168046,102.851132
162,1,168046,102.851132
162,1,168046,102.851132
163,1,168046,100.077463
163,1,168046,100.077463
163,1,168046,100.077463
164,1,168046,97.688665
164,1,168046,97.688665
164,1,168046,97.688665
165,1,168046,99.907052
165,1,168046,99.907052
165,1,168046,99.907052
166,1,168046,98.925566
166,1,168046,98.925566
166,1,168046,98.925566
167,1,168046,101.241903
167,1,168046,101.241903
167,1,168046,101.241903
168,1,168046,101.950043
168,1,168046,101.950043
168,1,168046,101.950043
169,1,168046,99.698235
169,1,168046,99.698235
169,1,168046,99.698235
17,1,168045,93.265042
17,1,168045,93.265042
17,1,168045,93.265042
170,1,168046,103.512285
170,1,168046,103.512285
170,1,168046,103.512285
171,1,168046,103.874469
171,1,168046,103.874469
171,1,168046,103.874469
172,1,168046,102.660412
172,1,168046,102.660412
172,1,168046,102.660412
173,1,168046,101.264887
173,1,168046,101.264887
173,1,168046,101.264887
174,1,168046,99.151812
174,1,168046,99.151812
174,1,168046,99.151812
175,1,168046,99.172333
175,1,168046,99.172333
175,1,168046,99.172333
176,1,168046,99.302444
176,1,168046,99.302444
176,1,168046,99.302444
177,1,168046,97.816785
177,1,168046,97.816785
177,1,168046,97.816785
178,1,168046,99.692333
178,1,168046,99.692333
178,1,168046,99.692333
179,1,168046,103.352871
179,1,168046,103.352871
179,1,168046,103.352871
18,1,168045,93.817165
18,1,168045,93.817165
18,1,168045,93.817165
180,1,168046,103.404186
180,1,168046,103.404186
180,1,168046,103.404186
181,1,168046,102.329961
181,1,168046,102.329961
181,1,168046,102.329961
182,1,168046,105.156018
182,1,168046,105.156018
182,1,168046,105.156018
183,1,168046,114.723064
183,1,168046,114.723064
183,1,168046,114.723064
184,1,168046,119.307739
184,1,168046,119.307739
184,1,168046,119.307739
185,1,168046,118.888476
185,1,168046,118.888476
185,1,168046,118.888476
186,1,168046,119.046490
186,1,168046,119.046490
186,1,168046,119.046490
187,1,168046,106.158861
187,1,168046,106.158861
187,1,168046,106.158861
188,1,168046,105.987273
188,1,168046,105.987273
188,1,168046,105.987273
189,1,168046,107.178250
189,1,168046,107.178250
189,1,168046,107.178250
19,1,168045,95.646181
19,1,168045,95.646181
19,1,168045,95.646181
190,1,168046,109.672050
190,1,168046,109.672050
190,1,168046,109.672050
191,1,168046,110.019987
191,1,168046,110.019987
191,1,168046,110.019987
192,1,168046,110.579028
192,1,168046,110.579028
192,1,168046,110.579028
193,1,168046,107.167119
193,1,168046,107.167119
193,1,168046,107.167119
194,1,168046,108.121475
194,1,168046,108.121475
194,1,168046,108.121475
195,1,168046,110.688201
195,1,168046,110.688201
195,1,168046,110.688201
196,1,168046,111.862006
196,1,168046,111.862006
196,1,168046,111.862006
197,1,168045,59.361595
197,1,168045,59.361595
197,1,168045,59.361595
198,1,168046,111.919692
198,1,168046,111.919692
198,1,168046,111.919692
199,1,168046,111.286192
199,1,168046,111.286192
199,1,168046,111.286192
2,1,168045,91.360767
2,1,168045,91.360767
2,1,168045,91.360767
20,1,168045,95.818217
20,1,168045,95.818217
20,1,168045,95.818217
200,1,168046,110.691355
200,1,168046,110.691355
200,1,168046,110.691355
201,1,168046,108.621623
201,1,168046,108.621623
201,1,168046,108.621623
202,1,168046,119.186141
202,1,168046,119.186141
202,1,168046,119.186141
203,1,168046,118.589303
203,1,168046,118.589303
203,1,168046,118.589303
204,1,168046,118.909840
204,1,168046,118.909840
204,1,168046,118.909840
205,1,168046,66.334226
205,1,168046,66.334226
205,1,168046,66.334226
206,1,168046,120.847783
206,1,168046,120.847783
206,1,168046,120.847783
207,1,168046,63.723377
207,1,168046,63.723377
207,1,168046,63.723377
208,1,168045,55.636231
208,1,168045,55.636231
208,1,168045,55.636231
209,1,168046,63.695817
209,1,168046,63.695817
209,1,168046,63.695817
21,1,168045,93.679958
21,1,168045,93.679958
21,1,168045,93.679958
210,1,168046,62.021199
210,1,168046,62.021199
210,1,168046,62.021199
211,1,168045,61.676906
211,1,168045,61.676906
211,1,168045,61.676906
212,1,168046,116.261992
212,1,168046,116.261992
212,1,168046,116.261992
213,1,168046,115.139736
213,1,168046,115.139736
213,1,168046,115.139736
214,1,168045,61.442892
214,1,168045,61.442892
214,1,168045,61.442892
215,1,168045,62.227926
215,1,168045,62.227926
215,1,168045,62.227926
216,1,168045,64.653166
216,1,168045,64.653166
216,1,168045,64.653166
217,1,168045,64.996397
217,1,168045,64.996397
217,1,168045,64.996397
218,1,168045,65.204083
218,1,168045,65.204083
218,1,168045,65.204083
219,1,168045,63.818669
219,1,168045,63.818669
219,1,168045,63.818669
22,1,168045,93.772055
22,1,168045,93.772055
22,1,168045,93.772055
220,1,168045,65.707414
220,1,168045,65.707414
220,1,168045,65.707414
221,1,168046,110.921671
221,1,168046,110.921671
221,1,168046,110.921671
222,1,168046,112.904978
222,1,168046,112.904978
222,1,168046,112.904978
223,1,168046,113.642104
223,1,168046,113.642104
223,1,168046,113.642104
224,1,168046,113.227003
224,1,168046,113.227003
224,1,168046,113.227003
225,1,168046,113.354597
225,1,168046,113.354597
225,1,168046,113.354597
226,1,168046,117.790873
226,1,168046,117.790873
226,1,168046,117.790873
227,1,168046,114.222998
227,1,168046,114.222998
227,1,168046,114.222998
228,1,168046,110.090137
228,1,168046,110.090137
228,1,168046,110.090137
229,1,168046,111.790150
229,1,168046,111.790150
229,1,168046,111.790150
23,1,168045,92.485614
23,1,168045,92.485614
23,1,168045,92.485614
230,1,168045,68.113970
230,1,168045,68.113970
230,1,168045,68.113970
231,1,168046,111.841591
231,1,168046,111.841591
231,1,168046,111.841591
232,1,168046,108.898607
232,1,168046,108.898607
232,1,168046,108.898607
233,1,168046,108.688732
233,1,168046,108.688732
233,1,168046,108.688732
234,1,168046,108.222519
234,1,168046,108.222519
234,1,168046,108.222519
235,1,168046,107.720870
235,1,168046,107.720870
235,1,168046,107.720870
236,1,168046,107.745364
236,1,168046,107.745364
236,1,168046,107.745364
237,1,168046,109.157980
237,1,168046,109.157980
237,1,168046,109.157980
238,1,168046,108.191783
238,1,168046,108.191783
238,1,168046,108.191783
239,1,168046,105.399335
239,1,168046,105.399335
239,1,168046,105.399335
24,1,168045,91.068455
24,1,168045,91.068455
24,1,168045,91.068455
240,1,168046,108.216708
240,1,168046,108.216708
240,1,168046,108.216708
241,1,168045,74.158838
241,1,168045,74.158838
241,1,168045,74.158838
242,1,168045,71.672607
242,1,168045,71.672607
242,1,168045,71.672607
243,1,168046,107.792678
243,1,168046,107.792678
243,1,168046,107.792678
244,1,168045,75.001382
244,1,168045,75.001382
244,1,168045,75.001382
245,1,168045,74.077086
245,1,168045,74.077086
245,1,168045,74.077086
246,1,168045,74.085532
246,1,168045,74.085532
246,1,168045,74.085532
247,1,168045,75.241376
247,1,168045,75.241376
247,1,168045,75.241376
248,1,168045,75.984447
248,1,168045,75.984447
248,1,168045,75.984447
249,1,168045,73.436271
249,1,168045,73.436271
249,1,168045,73.436271
25,1,168045,89.579354
25,1,168045,89.579354
25,1,168045,89.579354
250,1,168045,72.564184
250,1,168045,72.564184
250,1,168045,72.564184
251,1,168045,71.901029
251,1,168045,71.901029
251,1,168045,71.901029
252,1,168045,72.567738
252,1,168045,72.567738
252,1,168045,72.567738
253,1,168045,74.282164
253,1,168045,74.282164
253,1,168045,74.282164
254,1,168045,74.038205
254,1,168045,74.038205
254,1,168045,74.038205
255,1,168045,72.872310
255,1,168045,72.872310
255,1,168045,72.872310
256,1,168045,70.731682
256,1,168045,70.731682
256,1,168045,70.731682
257,1,168045,73.591838
257,1,168045,73.591838
257,1,168045,73.591838
258,1,168045,70.579081
258,1,168045,70.579081
258,1,168045,70.579081
259,1,168045,69.250037
259,1,168045,69.250037
259,1,168045,69.250037
26,1,168045,92.036077
26,1,168045,92.036077
26,1,168045,92.036077
260,1,168045,70.098727
260,1,168045,70.098727
260,1,168045,70.098727
261,1,168045,70.862108
261,1,168045,70.862108
261,1,168045,70.862108
262,1,168045,70.907012
262,1,168045,70.907012
262,1,168045,70.907012
263,1,168045,71.550111
263,1,168045,71.550111
263,1,168045,71.550111
264,1,168045,71.419824
264,1,168045,71.419824
264,1,168045,71.419824
265,1,168045,72.274759
265,1,168045,72.274759
265,1,168045,72.274759
266,1,168045,69.670665
266,1,168045,69.670665
266,1,168045,69.670665
267,1,168045,70.720013
267,1,168045,70.720013
267,1,168045,70.720013
268,1,168045,70.713653
268,1,168045,70.713653
268,1,168045,70.713653
269,1,168045,73.291355
269,1,168045,73.291355
269,1,168045,73.291355
27,1,168045,92.542191
27,1,168045,92.542191
27,1,168045,92.542191
270,1,168045,72.742681
270,1,168045,72.742681
270,1,168045,72.742681
271,1,168045,71.466319
271,1,168045,71.466319
271,1,168045,71.466319
272,1,168045,69.844137
272,1,168045,69.844137
272,1,168045,69.844137
273,1,168045,67.913060
273,1,168045,67.913060
273,1,168045,67.913060
274,1,168045,68.330888
274,1,168045,68.330888
274,1,168045,68.330888
275,1,168045,72.910744
275,1,168045,72.910744
275,1,168045,72.910744
276,1,168045,70.815608
276,1,168045,70.815608
276,1,168045,70.815608
277,1,168044,75.384598
277,1,168044,75.384598
277,1,168044,75.384598
278,1,168044,71.979176
278,1,168044,71.979176
278,1,168044,71.979176
279,1,168044,71.837600
279,1,168044,71.837600
279,1,168044,71.837600
28,1,168045,95.838656
28,1,168045,95.838656
28,1,168045,95.838656
280,1,168044,71.738554
280,1,168044,71.738554
280,1,168044,71.738554
281,1,168044,74.460965
281,1,168044,74.460965
281,1,168044,74.460965
282,1,168044,71.734403
282,1,168044,71.734403
282,1,168044,71.734403
283,1,168044,70.156514
283,1,168044,70.156514
283,1,168044,70.156514
284,1,168044,71.650962
284,1,168044,71.650962
284,1,168044,71.650962
285,1,168044,71.540041
285,1,168044,71.540041
285,1,168044,71.540041
286,1,168044,70.780887
286,1,168044,70.780887
286,1,168044,70.780887
287,1,168044,69.390556
287,1,168044,69.390556
287,1,168044,69.390556
288,1,168044,71.883889
288,1,168044,71.883889
288,1,168044,71.883889
289,1,168044,71.197465
289,1,168044,71.197465
289,1,168044,71.197465
29,1,168045,97.519241
29,1,168045,97.519241
29,1,168045,97.519241
290,1,168045,68.828875
290,1,168045,68.828875
290,1,168045,68.828875
291,1,168044,69.275835
291,1,168044,69.275835
291,1,168044,69.275835
292,1,168044,67.887028
292,1,168044,67.887028
292,1,168044,67.887028
293,1,168045,68.781325
293,1,168045,68.781325
293,1,168045,68.781325
294,1,168045,68.790697
294,1,168045,68.790697
294,1,168045,68.790697
295,1,168045,64.306095
295,1,168045,64.306095
295,1,168045,64.306095
296,1,168045,58.871564
296,1,168045,58.871564
296,1,168045,58.871564
297,1,168045,60.334872
297,1,168045,60.334872
297,1,168045,60.334872
298,1,168044,61.315402
298,1,168044,61.315402
298,1,168044,61.315402
299,1,168045,60.032519
299,1,168045,60.032519
299,1,168045,60.032519
3,1,168045,91.255763
3,1,168045,91.255763
3,1,168045,91.255763
30,1,168045,96.781556
30,1,168045,96.781556
30,1,168045,96.781556
300,1,168045,58.217203
300,1,168045,58.217203
300,1,168045,58.217203
301,1,168045,60.579283
301,1,168045,60.579283
301,1,168045,60.579283
302,1,168045,59.047988
302,1,168045,59.047988
302,1,168045,59.047988
303,1,168044,58.679671
303,1,168044,58.679671
303,1,168044,58.679671
304,1,168044,60.475872
304,1,168044,60.475872
304,1,168044,60.475872
305,1,168044,61.911140
305,1,168044,61.911140
305,1,168044,61.911140
306,1,168044,63.976007
306,1,168044,63.976007
306,1,168044,63.976007
307,1,168044,66.225544
307,1,168044,66.225544
307,1,168044,66.225544
308,1,168044,60.690588
308,1,168044,60.690588
308,1,168044,60.690588
309,1,168044,61.979045
309,1,168044,61.979045
309,1,168044,61.979045
31,1,168045,92.816953
31,1,168045,92.816953
31,1,168045,92.816953
310,1,168044,65.924301
310,1,168044,65.924301
310,1,168044,65.924301
311,1,168044,70.192724
311,1,168044,70.192724
311,1,168044,70.192724
312,1,168044,67.460127
312,1,168044,67.460127
312,1,168044,67.460127
313,1,168044,69.462770
313,1,168044,69.462770
313,1,168044,69.462770
314,1,168044,72.089232
314,1,168044,72.089232
314,1,168044,72.089232
315,1,168044,65.995516
315,1,168044,65.995516
315,1,168044,65.995516
316,1,168044,69.071125
316,1,168044,69.071125
316,1,168044,69.071125
317,1,168044,68.908159
317,1,168044,68.908159
317,1,168044,68.908159
318,1,168044,67.420457
318,1,168044,67.420457
318,1,168044,67.420457
319,1,168044,68.546440
319,1,168044,68.546440
319,1,168044,68.546440
32,1,168045,93.509469
32,1,168045,93.509469
32,1,168045,93.509469
320,1,168044,68.561718
320,1,168044,68.561718
320,1,168044,68.561718
321,1,168044,66.658707
321,1,168044,66.658707
321,1,168044,66.658707
322,1,168044,66.036372
322,1,168044,66.036372
322,1,168044,66.036372
323,1,168044,65.367163
323,1,168044,65.367163
323,1,168044,65.367163
324,1,168044,62.587611
324,1,168044,62.587611
324,1,168044,62.587611
325,1,168044,65.433354
325,1,168044,65.433354
325,1,168044,65.433354
326,1,168044,63.659040
326,1,168044,63.659040
326,1,168044,63.659040
327,1,168044,63.203641
327,1,168044,63.203641
327,1,168044,63.203641
328,1,168044,68.457236
328,1,168044,68.457236
328,1,168044,68.457236
329,1,168044,70.224396
329,1,168044,70.224396
329,1,168044,70.224396
33,1,168045,92.534554
33,1,168045,92.534554
33,1,168045,92.534554
330,1,168044,71.929537
330,1,168044,71.929537
330,1,168044,71.929537
331,1,168044,70.842295
331,1,168044,70.842295
331,1,168044,70.842295
332,1,168044,70.882458
332,1,168044,70.882458
332,1,168044,70.882458
333,1,168044,69.328309
333,1,168044,69.328309
333,1,168044,69.328309
334,1,168044,64.976588
334,1,168044,64.976588
334,1,168044,64.976588
335,1,168044,63.758063
335,1,168044,63.758063
335,1,168044,63.758063
336,1,168044,64.460563
336,1,168044,64.460563
336,1,168044,64.460563
337,1,168044,63.647412
337,1,168044,63.647412
337,1,168044,63.647412
338,1,168044,60.413013
338,1,168044,60.413013
338,1,168044,60.413013
339,1,168044,64.532553
339,1,168044,64.532553
339,1,168044,64.532553
34,1,168045,89.073869
34,1,168045,89.073869
34,1,168045,89.073869
340,1,168044,61.095367
340,1,168044,61.095367
340,1,168044,61.095367
341,1,168044,65.877331
341,1,168044,65.877331
341,1,168044,65.877331
342,1,168046,107.936343
342,1,168046,107.936343
342,1,168046,107.936343
343,1,168046,107.687637
343,1,168046,107.687637
343,1,168046,107.687637
344,1,168046,103.931428
344,1,168046,103.931428
344,1,168046,103.931428
345,1,168046,107.082276
345,1,168046,107.082276
345,1,168046,107.082276
346,1,168046,111.493673
346,1,168046,111.493673
346,1,168046,111.493673
347,1,168046,111.159005
347,1,168046,111.159005
347,1,168046,111.159005
348,1,168046,114.057649
348,1,168046,114.057649
348,1,168046,114.057649
349,1,168046,115.827264
349,1,168046,115.827264
349,1,168046,115.827264
35,1,168045,87.373809
35,1,168045,87.373809
35,1,168045,87.373809
350,1,168046,114.824068
350,1,168046,114.824068
350,1,168046,114.824068
351,1,168046,107.302460
351,1,168046,107.302460
351,1,168046,107.302460
352,1,168046,106.794324
352,1,168046,106.794324
352,1,168046,106.794324
353,1,168046,105.879547
353,1,168046,105.879547
353,1,168046,105.879547
354,1,168046,105.527485
354,1,168046,105.527485
354,1,168046,105.527485
355,1,168046,104.090819
355,1,168046,104.090819
355,1,168046,104.090819
356,1,168046,103.179774
356,1,168046,103.179774
356,1,168046,103.179774
357,1,168046,99.960062
357,1,168046,99.960062
357,1,168046,99.960062
358,1,168046,101.765121
358,1,168046,101.765121
358,1,168046,101.765121
359,1,168046,101.334722
359,1,168046,101.334722
359,1,168046,101.334722
36,1,168046,88.132477
36,1,168046,88.132477
36,1,168046,88.132477
360,1,168046,102.010792
360,1,168046,102.010792
360,1,168046,102.010792
361,1,168046,112.379199
361,1,168046,112.379199
361,1,168046,112.379199
362,1,168046,113.270337
362,1,168046,113.270337
362,1,168046,113.270337
363,1,168046,99.761766
363,1,168046,99.761766
363,1,168046,99.761766
364,1,168046,100.647698
364,1,168046,100.647698
364,1,168046,100.647698
365,1,168046,101.726949
365,1,168046,101.726949
365,1,168046,101.726949
366,1,168046,100.478059
366,1,168046,100.478059
366,1,168046,100.478059
367,1,168046,96.411856
367,1,168046,96.411856
367,1,168046,96.411856
368,1,168046,96.998249
368,1,168046,96.998249
368,1,168046,96.998249
369,1,168046,112.365024
369,1,168046,112.365024
369,1,168046,112.365024
37,1,168046,87.426926
37,1,168046,87.426926
37,1,168046,87.426926
370,1,168046,111.007936
370,1,168046,111.007936
370,1,168046,111.007936
371,1,168046,108.448678
371,1,168046,108.448678
371,1,168046,108.448678
372,1,168046,104.163218
372,1,168046,104.163218
372,1,168046,104.163218
373,1,168046,104.981891
373,1,168046,104.981891
373,1,168046,104.981891
374,1,168046,104.480880
374,1,168046,104.480880
374,1,168046,104.480880
375,1,168046,107.035319
375,1,168046,107.035319
375,1,168046,107.035319
376,1,168046,106.526229
376,1,168046,106.526229
376,1,168046,106.526229
377,1,168046,88.167143
377,1,168046,88.167143
377,1,168046,88.167143
378,1,168046,86.263227
378,1,168046,86.263227
378,1,168046,86.263227
379,1,168046,84.155273
379,1,168046,84.155273
379,1,168046,84.155273
38,1,168046,84.675641
38,1,168046,84.675641
38,1,168046,84.675641
380,1,168046,86.225157
380,1,168046,86.225157
380,1,168046,86.225157
381,1,168046,85.397696
381,1,168046,85.397696
381,1,168046,85.397696
382,1,168046,89.778276
382,1,168046,89.778276
382,1,168046,89.778276
383,1,168046,91.174949
383,1,168046,91.174949
383,1,168046,91.174949
384,1,168046,89.871433
384,1,168046,89.871433
384,1,168046,89.871433
385,1,168046,86.534647
385,1,168046,86.534647
385,1,168046,86.534647
386,1,168046,84.763299
386,1,168046,84.763299
386,1,168046,84.763299
387,1,168046,84.961987
387,1,168046,84.961987
387,1,168046,84.961987
388,1,168046,85.374933
388,1,168046,85.374933
388,1,168046,85.374933
389,1,168044,86.149199
389,1,168044,86.149199
389,1,168044,86.149199
39,1,168046,86.371521
39,1,168046,86.371521
39,1,168046,86.371521
390,1,168044,84.334343
390,1,168044,84.334343
390,1,168044,84.334343
391,1,168044,86.052918
391,1,168044,86.052918
391,1,168044,86.052918
392,1,168044,84.793044
392,1,168044,84.793044
392,1,168044,84.793044
393,1,168044,86.503212
393,1,168044,86.503212
393,1,168044,86.503212
394,1,168044,87.980664
394,1,168044,87.980664
394,1,168044,87.980664
395,1,168044,85.151433
395,1,168044,85.151433
395,1,168044,85.151433
396,1,168044,85.650796
396,1,168044,85.650796
396,1,168044,85.650796
397,1,168044,88.026177
397,1,168044,88.026177
397,1,168044,88.026177
398,1,168044,89.723842
398,1,168044,89.723842
398,1,168044,89.723842
399,1,168044,87.342949
399,1,168044,87.342949
399,1,168044,87.342949
4,1,168045,90.947873
4,1,168045,90.947873
4,1,168045,90.947873
40,1,168046,84.306155
40,1,168046,84.306155
40,1,168046,84.306155
400,1,168046,82.147363
400,1,168046,82.147363
400,1,168046,82.147363
401,1,168046,81.944706
401,1,168046,81.944706
401,1,168046,81.944706
402,1,168046,83.898874
402,1,168046,83.898874
402,1,168046,83.898874
403,1,168046,82.658184
403,1,168046,82.658184
403,1,168046,82.658184
404,1,168046,86.456746
404,1,168046,86.456746
404,1,168046,86.456746
405,1,168046,84.587918
405,1,168046,84.587918
405,1,168046,84.587918
406,1,168046,84.381271
406,1,168046,84.381271
406,1,168046,84.381271
407,1,168046,85.978619
407,1,168046,85.978619
407,1,168046,85.978619
408,1,168046,84.953284
408,1,168046,84.953284
408,1,168046,84.953284
409,1,168046,86.257071
409,1,168046,86.257071
409,1,168046,86.257071
41,1,168046,85.690529
41,1,168046,85.690529
41,1,168046,85.690529
410,1,168046,84.856731
410,1,168046,84.856731
410,1,168046,84.856731
411,1,168046,83.313919
411,1,168046,83.313919
411,1,168046,83.313919
412,1,168046,83.780940
412,1,168046,83.780940
412,1,168046,83.780940
413,1,168046,84.288585
413,1,168046,84.288585
413,1,168046,84.288585
414,1,168046,83.450329
414,1,168046,83.450329
414,1,168046,83.450329
415,1,168046,84.958883
415,1,168046,84.958883
415,1,168046,84.958883
416,1,168046,84.466574
416,1,168046,84.466574
416,1,168046,84.466574
417,1,168046,83.702966
417,1,168046,83.702966
417,1,168046,83.702966
418,1,168046,82.305938
418,1,168046,82.305938
418,1,168046,82.305938
419,1,168046,82.118231
419,1,168046,82.118231
419,1,168046,82.118231
42,1,168045,86.769986
42,1,168045,86.769986
42,1,168045,86.769986
420,1,168046,82.836354
420,1,168046,82.836354
420,1,168046,82.836354
421,1,168046,83.431632
421,1,168046,83.431632
421,1,168046,83.431632
422,1,168046,86.191056
422,1,168046,86.191056
422,1,168046,86.191056
423,1,168046,90.610297
423,1,168046,90.610297
423,1,168046,90.610297
424,1,168046,92.616608
424,1,168046,92.616608
424,1,168046,92.616608
425,1,168046,95.029863
425,1,168046,95.029863
425,1,168046,95.029863
426,1,168046,92.399235
426,1,168046,92.399235
426,1,168046,92.399235
427,1,168046,92.271705
427,1,168046,92.271705
427,1,168046,92.271705
428,1,168046,91.104933
428,1,168046,91.104933
428,1,168046,91.104933
429,1,168046,90.667190
429,1,168046,90.667190
429,1,168046,90.667190
43,1,168045,85.437652
43,1,168045,85.437652
43,1,168045,85.437652
430,1,168046,91.469524
430,1,168046,91.469524
430,1,168046,91.469524
431,1,168046,91.051822
431,1,168046,91.051822
431,1,168046,91.051822
432,1,168046,93.123831
432,1,168046,93.123831
432,1,168046,93.123831
433,1,168046,96.692152
433,1,168046,96.692152
433,1,168046,96.692152
434,1,168046,95.860213
434,1,168046,95.860213
434,1,168046,95.860213
435,1,168046,94.769303
435,1,168046,94.769303
435,1,168046,94.769303
436,1,168046,92.752531
436,1,168046,92.752531
436,1,168046,92.752531
437,1,168046,91.088202
437,1,168046,91.088202
437,1,168046,91.088202
438,1,168046,87.555675
438,1,168046,87.555675
438,1,168046,87.555675
439,1,168046,91.477199
439,1,168046,91.477199
439,1,168046,91.477199
44,1,168045,89.859774
44,1,168045,89.859774
44,1,168045,89.859774
440,1,168046,90.202116
440,1,168046,90.202116
440,1,168046,90.202116
441,1,168046,94.697156
441,1,168046,94.697156
441,1,168046,94.697156
442,1,168046,96.140948
442,1,168046,96.140948
442,1,168046,96.140948
443,1,168046,96.650875
443,1,168046,96.650875
443,1,168046,96.650875
444,1,168045,79.280919
444,1,168045,79.280919
444,1,168045,79.280919
445,1,168046,94.949471
445,1,168046,94.949471
445,1,168046,94.949471
446,1,168046,95.414505
446,1,168046,95.414505
446,1,168046,95.414505
447,1,168046,96.153018
447,1,168046,96.153018
447,1,168046,96.153018
448,1,168046,96.792260
448,1,168046,96.792260
448,1,168046,96.792260
449,1,168046,96.649445
449,1,168046,96.649445
449,1,168046,96.649445
45,1,168045,90.196996
45,1,168045,90.196996
45,1,168045,90.196996
450,1,168046,93.014078
450,1,168046,93.014078
450,1,168046,93.014078
451,1,168046,93.993064
451,1,168046,93.993064
451,1,168046,93.993064
452,1,168046,95.318101
452,1,168046,95.318101
452,1,168046,95.318101
453,1,168046,99.240085
453,1,168046,99.240085
453,1,168046,99.240085
454,1,168045,86.624816
454,1,168045,86.624816
454,1,168045,86.624816
455,1,168045,88.836193
455,1,168045,88.836193
455,1,168045,88.836193
456,1,168045,86.411729
456,1,168045,86.411729
456,1,168045,86.411729
457,1,168045,86.023311
457,1,168045,86.023311
457,1,168045,86.023311
458,1,168045,89.825163
458,1,168045,89.825163
458,1,168045,89.825163
459,1,168045,87.992203
459,1,168045,87.992203
459,1,168045,87.992203
46,1,168045,90.873650
46,1,168045,90.873650
46,1,168045,90.873650
460,1,168045,88.685391
460,1,168045,88.685391
460,1,168045,88.685391
461,1,168045,89.782757
461,1,168045,89.782757
461,1,168045,89.782757
462,1,168045,92.284885
462,1,168045,92.284885
462,1,168045,92.284885
463,1,168045,92.043431
463,1,168045,92.043431
463,1,168045,92.043431
464,1,168045,91.901222
464,1,168045,91.901222
464,1,168045,91.901222
465,1,168045,90.742062
465,1,168045,90.742062
465,1,168045,90.742062
466,1,168045,89.545148
466,1,168045,89.545148
466,1,168045,89.545148
467,1,168045,88.242585
467,1,168045,88.242585
467,1,168045,88.242585
468,1,168045,90.509091
468,1,168045,90.509091
468,1,168045,90.509091
469,1,168045,90.192933
469,1,168045,90.192933
469,1,168045,90.192933
47,1,168045,88.575040
47,1,168045,88.575040
47,1,168045,88.575040
470,1,168045,94.178061
470,1,168045,94.178061
470,1,168045,94.178061
471,1,168045,93.265405
471,1,168045,93.265405
471,1,168045,93.265405
472,1,168045,95.428821
472,1,168045,95.428821
472,1,168045,95.428821
473,1,168045,96.326950
473,1,168045,96.326950
473,1,168045,96.326950
474,1,168045,94.232741
474,1,168045,94.232741
474,1,168045,94.232741
475,1,168045,93.370917
475,1,168045,93.370917
475,1,168045,93.370917
476,1,168045,92.674564
476,1,168045,92.674564
476,1,168045,92.674564
477,1,168045,89.850273
477,1,168045,89.850273
477,1,168045,89.850273
478,1,168045,89.482919
478,1,168045,89.482919
478,1,168045,89.482919
479,1,168045,92.825521
479,1,168045,92.825521
479,1,168045,92.825521
48,1,168045,90.131017
48,1,168045,90.131017
48,1,168045,90.131017
480,1,168045,90.616930
480,1,168045,90.616930
480,1,168045,90.616930
481,1,168045,87.683940
481,1,168045,87.683940
481,1,168045,87.683940
482,1,168045,85.803543
482,1,168045,85.803543
482,1,168045,85.803543
483,1,168045,84.061761
483,1,168045,84.061761
483,1,168045,84.061761
484,1,168045,84.074524
484,1,168045,84.074524
484,1,168045,84.074524
485,1,168045,86.170003
485,1,168045,86.170003
485,1,168045,86.170003
486,1,168045,85.419781
486,1,168045,85.419781
486,1,168045,85.419781
487,1,168045,86.611818
487,1,168045,86.611818
487,1,168045,86.611818
488,1,168045,81.917116
488,1,168045,81.917116
488,1,168045,81.917116
489,1,168045,81.857080
489,1,168045,81.857080
489,1,168045,81.857080
49,1,168045,91.845784
49,1,168045,91.845784
49,1,168045,91.845784
490,1,168045,84.830052
490,1,168045,84.830052
490,1,168045,84.830052
491,1,168045,86.023493
491,1,168045,86.023493
491,1,168045,86.023493
492,1,168045,87.278754
492,1,168045,87.278754
492,1,168045,87.278754
493,1,168045,80.464526
493,1,168045,80.464526
493,1,168045,80.464526
494,1,168045,78.029760
494,1,168045,78.029760
494,1,168045,78.029760
495,1,168046,96.896693
495,1,168046,96.896693
495,1,168046,96.896693
496,1,168046,97.802716
496,1,168046,97.802716
496,1,168046,97.802716
497,1,168046,95.698063
497,1,168046,95.698063
497,1,168046,95.698063
498,1,168046,95.094454
498,1,168046,95.094454
498,1,168046,95.094454
499,1,168046,91.125554
499,1,168046,91.125554
499,1,168046,91.125554
5,1,168045,90.986831
5,1,168045,90.986831
5,1,168045,90.986831
50,1,168045,90.840775
50,1,168045,90.840775
50,1,168045,90.840775
500,1,168046,92.398643
500,1,168046,92.398643
500,1,168046,92.398643
501,1,168046,91.657666
501,1,168046,91.657666
501,1,168046,91.657666
502,1,168046,88.104429
502,1,168046,88.104429
502,1,168046,88.104429
503,1,168046,93.281771
503,1,168046,93.281771
503,1,168046,93.281771
504,1,168046,94.949265
504,1,168046,94.949265
504,1,168046,94.949265
505,1,168046,98.097182
505,1,168046,98.097182
505,1,168046,98.097182
506,1,168046,93.164973
506,1,168046,93.164973
506,1,168046,93.164973
507,1,168046,90.811139
507,1,168046,90.811139
507,1,168046,90.811139
508,1,168043,89.646224
508,1,168043,89.646224
508,1,168043,89.646224
509,1,168043,91.618126
509,1,168043,91.618126
509,1,168043,91.618126
51,1,168045,91.336320
51,1,168045,91.336320
51,1,168045,91.336320
510,1,168043,93.126833
510,1,168043,93.126833
510,1,168043,93.126833
511,1,168043,94.700114
511,1,168043,94.700114
511,1,168043,94.700114
512,1,168043,96.159419
512,1,168043,96.159419
512,1,168043,96.159419
513,1,168043,97.667943
513,1,168043,97.667943
513,1,168043,97.667943
514,1,168043,99.709539
514,1,168043,99.709539
514,1,168043,99.709539
515,1,168043,97.677667
515,1,168043,97.677667
515,1,168043,97.677667
516,1,168043,98.766786
516,1,168043,98.766786
516,1,168043,98.766786
517,1,168043,98.026038
517,1,168043,98.026038
517,1,168043,98.026038
518,1,168043,96.450690
518,1,168043,96.450690
518,1,168043,96.450690
519,1,168043,96.827728
519,1,168043,96.827728
519,1,168043,96.827728
52,1,168045,93.432240
52,1,168045,93.432240
52,1,168045,93.432240
520,1,168043,99.507268
520,1,168043,99.507268
520,1,168043,99.507268
521,1,168043,101.530678
521,1,168043,101.530678
521,1,168043,101.530678
522,1,168043,103.258866
522,1,168043,103.258866
522,1,168043,103.258866
523,1,168043,99.708235
523,1,168043,99.708235
523,1,168043,99.708235
524,1,168043,102.434027
524,1,168043,102.434027
524,1,168043,102.434027
525,1,168043,99.936147
525,1,168043,99.936147
525,1,168043,99.936147
526,1,168043,99.828308
526,1,168043,99.828308
526,1,168043,99.828308
527,1,168043,100.005281
527,1,168043,100.005281
527,1,168043,100.005281
528,1,168043,97.131967
528,1,168043,97.131967
528,1,168043,97.131967
529,1,168043,96.352216
529,1,168043,96.352216
529,1,168043,96.352216
53,1,168045,92.439948
53,1,168045,92.439948
53,1,168045,92.439948
530,1,168043,98.575774
530,1,168043,98.575774
530,1,168043,98.575774
531,1,168043,96.641260
531,1,168043,96.641260
531,1,168043,96.641260
532,1,168043,94.418811
532,1,168043,94.418811
532,1,168043,94.418811
533,1,168043,92.510384
533,1,168043,92.510384
533,1,168043,92.510384
534,1,168043,93.386063
534,1,168043,93.386063
534,1,168043,93.386063
535,1,168043,91.050588
535,1,168043,91.050588
535,1,168043,91.050588
536,1,168043,94.092383
536,1,168043,94.092383
536,1,168043,94.092383
537,1,168043,94.986173
537,1,168043,94.986173
537,1,168043,94.986173
538,1,168043,96.190190
538,1,168043,96.190190
538,1,168043,96.190190
539,1,168046,95.058198
539,1,168046,95.058198
539,1,168046,95.058198
54,1,168045,92.526919
54,1,168045,92.526919
54,1,168045,92.526919
540,1,168046,98.786162
540,1,168046,98.786162
540,1,168046,98.786162
541,1,168043,95.154224
541,1,168043,95.154224
541,1,168043,95.154224
542,1,168043,95.754117
542,1,168043,95.754117
542,1,168043,95.754117
543,1,168046,95.238092
543,1,168046,95.238092
543,1,168046,95.238092
544,1,168046,99.298662
544,1,168046,99.298662
544,1,168046,99.298662
545,1,168043,100.968787
545,1,168043,100.968787
545,1,168043,100.968787
546,1,168046,99.430988
546,1,168046,99.430988
546,1,168046,99.430988
547,1,168046,101.507188
547,1,168046,101.507188
547,1,168046,101.507188
548,1,168046,104.854365
548,1,168046,104.854365
548,1,168046,104.854365
549,1,168046,106.591313
549,1,168046,106.591313
549,1,168046,106.591313
55,1,168045,95.387799
55,1,168045,95.387799
55,1,168045,95.387799
550,1,168046,105.949093
550,1,168046,105.949093
550,1,168046,105.949093
551,1,168046,107.764746
551,1,168046,107.764746
551,1,168046,107.764746
552,1,168044,114.235242
552,1,168044,114.235242
552,1,168044,114.235242
553,1,168046,110.077510
553,1,168046,110.077510
553,1,168046,110.077510
554,1,168046,106.966418
554,1,168046,106.966418
554,1,168046,106.966418
555,1,168046,108.123239
555,1,168046,108.123239
555,1,168046,108.123239
556,1,168046,108.160921
556,1,168046,108.160921
556,1,168046,108.160921
557,1,168046,109.962500
557,1,168046,109.962500
557,1,168046,109.962500
558,1,168046,107.797199
558,1,168046,107.797199
558,1,168046,107.797199
559,1,168046,105.432653
559,1,168046,105.432653
559,1,168046,105.432653
56,1,168046,85.480771
56,1,168046,85.480771
56,1,168046,85.480771
560,1,168046,108.073049
560,1,168046,108.073049
560,1,168046,108.073049
561,1,168046,109.608925
561,1,168046,109.608925
561,1,168046,109.608925
562,1,168046,107.466994
562,1,168046,107.466994
562,1,168046,107.466994
563,1,168046,105.739749
563,1,168046,105.739749
563,1,168046,105.739749
564,1,168046,104.666197
564,1,168046,104.666197
564,1,168046,104.666197
565,1,168046,104.547439
565,1,168046,104.547439
565,1,168046,104.547439
566,1,168046,102.407985
566,1,168046,102.407985
566,1,168046,102.407985
567,1,168046,103.361594
567,1,168046,103.361594
567,1,168046,103.361594
568,1,168046,101.682457
568,1,168046,101.682457
568,1,168046,101.682457
569,1,168046,99.925851
569,1,168046,99.925851
569,1,168046,99.925851
57,1,168046,82.755145
57,1,168046,82.755145
57,1,168046,82.755145
570,1,168046,101.074820
570,1,168046,101.074820
570,1,168046,101.074820
571,1,168046,102.747354
571,1,168046,102.747354
571,1,168046,102.747354
572,1,168046,102.968370
572,1,168046,102.968370
572,1,168046,102.968370
573,1,168046,104.170578
573,1,168046,104.170578
573,1,168046,104.170578
574,1,168046,103.859560
574,1,168046,103.859560
574,1,168046,103.859560
575,1,168046,103.782035
575,1,168046,103.782035
575,1,168046,103.782035
576,1,168046,101.949377
576,1,168046,101.949377
576,1,168046,101.949377
577,1,168046,103.395205
577,1,168046,103.395205
577,1,168046,103.395205
578,1,168046,103.704657
578,1,168046,103.704657
578,1,168046,103.704657
579,1,168046,106.405569
579,1,168046,106.405569
579,1,168046,106.405569
58,1,168046,83.512244
58,1,168046,83.512244
58,1,168046,83.512244
580,1,168046,105.770638
580,1,168046,105.770638
580,1,168046,105.770638
581,1,168046,106.863229
581,1,168046,106.863229
581,1,168046,106.863229
582,1,168046,105.194145
582,1,168046,105.194145
582,1,168046,105.194145
583,1,168046,103.140965
583,1,168046,103.140965
583,1,168046,103.140965
584,1,168046,108.731096
584,1,168046,108.731096
584,1,168046,108.731096
585,1,168046,106.275895
585,1,168046,106.275895
585,1,168046,106.275895
586,1,168046,109.656123
586,1,168046,109.656123
586,1,168046,109.656123
587,1,168046,112.085407
587,1,168046,112.085407
587,1,168046,112.085407
588,1,168046,115.603597
588,1,168046,115.603597
588,1,168046,115.603597
589,1,168046,117.337334
589,1,168046,117.337334
589,1,168046,117.337334
59,1,168046,86.539156
59,1,168046,86.539156
59,1,168046,86.539156
590,1,168043,90.903025
590,1,168043,90.903025
590,1,168043,90.903025
591,1,168043,90.575455
591,1,168043,90.575455
591,1,168043,90.575455
592,1,168043,91.586260
592,1,168043,91.586260
592,1,168043,91.586260
593,1,168043,91.529482
593,1,168043,91.529482
593,1,168043,91.529482
594,1,168043,92.625020
594,1,168043,92.625020
594,1,168043,92.625020
595,1,168043,97.629749
595,1,168043,97.629749
595,1,168043,97.629749
596,1,168043,95.226847
596,1,168043,95.226847
596,1,168043,95.226847
597,1,168043,99.387695
597,1,168043,99.387695
597,1,168043,99.387695
598,1,168043,94.906466
598,1,168043,94.906466
598,1,168043,94.906466
599,1,168043,97.603223
599,1,168043,97.603223
599,1,168043,97.603223
6,1,168045,91.471145
6,1,168045,91.471145
6,1,168045,91.471145
60,1,168046,85.035760
60,1,168046,85.035760
60,1,168046,85.035760
600,1,168043,100.406949
600,1,168043,100.406949
600,1,168043,100.406949
601,1,168043,101.925584
601,1,168043,101.925584
601,1,168043,101.925584
602,1,168046,115.946466
602,1,168046,115.946466
602,1,168046,115.946466
603,1,168046,114.604651
603,1,168046,114.604651
603,1,168046,114.604651
604,1,168043,104.100130
604,1,168043,104.100130
604,1,168043,104.100130
605,1,168046,122.144448
605,1,168046,122.144448
605,1,168046,122.144448
606,1,168043,102.295466
606,1,168043,102.295466
606,1,168043,102.295466
607,1,168043,96.697160
607,1,168043,96.697160
607,1,168043,96.697160
608,1,168043,95.047481
608,1,168043,95.047481
608,1,168043,95.047481
609,1,168043,93.452888
609,1,168043,93.452888
609,1,168043,93.452888
61,1,168046,87.491682
61,1,168046,87.491682
61,1,168046,87.491682
610,1,168043,89.835108
610,1,168043,89.835108
610,1,168043,89.835108
611,1,168043,88.336829
611,1,168043,88.336829
611,1,168043,88.336829
612,1,168043,86.183470
612,1,168043,86.183470
612,1,168043,86.183470
613,1,168043,89.761898
613,1,168043,89.761898
613,1,168043,89.761898
614,1,168046,111.326500
614,1,168046,111.326500
614,1,168046,111.326500
615,1,168043,87.278782
615,1,168043,87.278782
615,1,168043,87.278782
616,1,168043,91.517812
616,1,168043,91.517812
616,1,168043,91.517812
617,1,168046,111.525494
617,1,168046,111.525494
617,1,168046,111.525494
618,1,168046,107.717114
618,1,168046,107.717114
618,1,168046,107.717114
619,1,168046,107.486362
619,1,168046,107.486362
619,1,168046,107.486362
62,1,168046,87.795753
62,1,168046,87.795753
62,1,168046,87.795753
620,1,168046,105.117237
620,1,168046,105.117237
620,1,168046,105.117237
621,1,168046,105.368449
621,1,168046,105.368449
621,1,168046,105.368449
622,1,168046,103.371365
622,1,168046,103.371365
622,1,168046,103.371365
623,1,168046,105.195966
623,1,168046,105.195966
623,1,168046,105.195966
624,1,168046,105.936369
624,1,168046,105.936369
624,1,168046,105.936369
625,1,168046,101.701227
625,1,168046,101.701227
625,1,168046,101.701227
626,1,168046,101.190030
626,1,168046,101.190030
626,1,168046,101.190030
627,1,168046,99.696126
627,1,168046,99.696126
627,1,168046,99.696126
628,1,168046,99.451547
628,1,168046,99.451547
628,1,168046,99.451547
629,1,168046,101.561315
629,1,168046,101.561315
629,1,168046,101.561315
63,1,168046,87.466666
63,1,168046,87.466666
63,1,168046,87.466666
630,1,168046,100.223907
630,1,168046,100.223907
630,1,168046,100.223907
631,1,168046,101.893286
631,1,168046,101.893286
631,1,168046,101.893286
632,1,168046,102.904138
632,1,168046,102.904138
632,1,168046,102.904138
633,1,168046,101.699028
633,1,168046,101.699028
633,1,168046,101.699028
634,1,168046,103.989151
634,1,168046,103.989151
634,1,168046,103.989151
635,1,168046,103.506036
635,1,168046,103.506036
635,1,168046,103.506036
636,1,168046,103.710482
636,1,168046,103.710482
636,1,168046,103.710482
637,1,168046,104.082602
637,1,168046,104.082602
637,1,168046,104.082602
638,1,168046,103.518518
638,1,168046,103.518518
638,1,168046,103.518518
639,1,168046,106.231986
639,1,168046,106.231986
639,1,168046,106.231986
64,1,168046,86.664454
64,1,168046,86.664454
64,1,168046,86.664454
640,1,168046,107.900011
640,1,168046,107.900011
640,1,168046,107.900011
641,1,168046,106.060289
641,1,168046,106.060289
641,1,168046,106.060289
642,1,168046,106.761062
642,1,168046,106.761062
642,1,168046,106.761062
643,1,168046,104.224625
643,1,168046,104.224625
643,1,168046,104.224625
644,1,168043,92.043637
644,1,168043,92.043637
644,1,168043,92.043637
645,1,168046,103.249132
645,1,168046,103.249132
645,1,168046,103.249132
646,1,168046,100.807197
646,1,168046,100.807197
646,1,168046,100.807197
647,1,168046,100.045271
647,1,168046,100.045271
647,1,168046,100.045271
648,1,168046,98.806275
648,1,168046,98.806275
648,1,168046,98.806275
649,1,168046,101.459475
649,1,168046,101.459475
649,1,168046,101.459475
65,1,168046,87.639636
65,1,168046,87.639636
65,1,168046,87.639636
650,1,168046,99.082069
650,1,168046,99.082069
650,1,168046,99.082069
651,1,168046,103.195077
651,1,168046,103.195077
651,1,168046,103.195077
652,1,168046,103.352136
652,1,168046,103.352136
652,1,168046,103.352136
653,1,168046,103.260339
653,1,168046,103.260339
653,1,168046,103.260339
654,1,168046,101.807795
654,1,168046,101.807795
654,1,168046,101.807795
655,1,168046,99.881238
655,1,168046,99.881238
655,1,168046,99.881238
656,1,168046,98.240994
656,1,168046,98.240994
656,1,168046,98.240994
657,1,168046,98.274987
657,1,168046,98.274987
657,1,168046,98.274987
658,1,168046,97.895608
658,1,168046,97.895608
658,1,168046,97.895608
659,1,168046,100.102609
659,1,168046,100.102609
659,1,168046,100.102609
66,1,168046,86.401339
66,1,168046,86.401339
66,1,168046,86.401339
660,1,168046,101.550857
660,1,168046,101.550857
660,1,168046,101.550857
661,1,168046,96.746603
661,1,168046,96.746603
661,1,168046,96.746603
662,1,168043,97.724407
662,1,168043,97.724407
662,1,168043,97.724407
663,1,168043,99.091450
663,1,168043,99.091450
663,1,168043,99.091450
664,1,168043,97.312601
664,1,168043,97.312601
664,1,168043,97.312601
665,1,168043,94.387641
665,1,168043,94.387641
665,1,168043,94.387641
666,1,168043,95.005202
666,1,168043,95.005202
666,1,168043,95.005202
667,1,168043,95.886659
667,1,168043,95.886659
667,1,168043,95.886659
668,1,168043,94.021355
668,1,168043,94.021355
668,1,168043,94.021355
669,1,168043,94.119878
669,1,168043,94.119878
669,1,168043,94.119878
67,1,168046,90.545893
67,1,168046,90.545893
67,1,168046,90.545893
670,1,168043,94.230303
670,1,168043,94.230303
670,1,168043,94.230303
671,1,168043,95.372823
671,1,168043,95.372823
671,1,168043,95.372823
672,1,168043,94.269318
672,1,168043,94.269318
672,1,168043,94.269318
673,1,168043,95.063918
673,1,168043,95.063918
673,1,168043,95.063918
674,1,168043,98.502855
674,1,168043,98.502855
674,1,168043,98.502855
675,1,168043,98.609905
675,1,168043,98.609905
675,1,168043,98.609905
676,1,168043,97.084533
676,1,168043,97.084533
676,1,168043,97.084533
677,1,168043,98.511395
677,1,168043,98.511395
677,1,168043,98.511395
678,1,168043,97.385318
678,1,168043,97.385318
678,1,168043,97.385318
679,1,168043,98.883422
679,1,168043,98.883422
679,1,168043,98.883422
68,1,168046,90.894080
68,1,168046,90.894080
68,1,168046,90.894080
680,1,168043,99.407069
680,1,168043,99.407069
680,1,168043,99.407069
681,1,168043,102.935710
681,1,168043,102.935710
681,1,168043,102.935710
682,1,168043,105.751442
682,1,168043,105.751442
682,1,168043,105.751442
683,1,168043,107.002755
683,1,168043,107.002755
683,1,168043,107.002755
684,1,168043,106.895980
684,1,168043,106.895980
684,1,168043,106.895980
685,1,168043,106.437456
685,1,168043,106.437456
685,1,168043,106.437456
686,1,168043,103.265790
686,1,168043,103.265790
686,1,168043,103.265790
687,1,168043,100.850928
687,1,168043,100.850928
687,1,168043,100.850928
688,1,168043,101.540945
688,1,168043,101.540945
688,1,168043,101.540945
689,1,168043,98.697197
689,1,168043,98.697197
689,1,168043,98.697197
69,1,168046,90.052433
69,1,168046,90.052433
69,1,168046,90.052433
690,1,168043,100.299481
690,1,168043,100.299481
690,1,168043,100.299481
691,1,168043,97.014451
691,1,168043,97.014451
691,1,168043,97.014451
692,1,168044,97.452449
692,1,168044,97.452449
692,1,168044,97.452449
693,1,168044,100.776483
693,1,168044,100.776483
693,1,168044,100.776483
694,1,168044,100.153724
694,1,168044,100.153724
694,1,168044,100.153724
695,1,168044,101.079663
695,1,168044,101.079663
695,1,168044,101.079663
696,1,168044,98.083020
696,1,168044,98.083020
696,1,168044,98.083020
697,1,168044,99.914769
697,1,168044,99.914769
697,1,168044,99.914769
698,1,168044,101.296822
698,1,168044,101.296822
698,1,168044,101.296822
699,1,168044,101.220771
699,1,168044,101.220771
699,1,168044,101.220771
7,1,168045,91.544612
7,1,168045,91.544612
7,1,168045,91.544612
70,1,168046,93.958040
70,1,168046,93.958040
70,1,168046,93.958040
700,1,168044,100.732434
700,1,168044,100.732434
700,1,168044,100.732434
701,1,168044,102.940794
701,1,168044,102.940794
701,1,168044,102.940794
702,1,168044,98.090075
702,1,168044,98.090075
702,1,168044,98.090075
703,1,168044,97.407334
703,1,168044,97.407334
703,1,168044,97.407334
704,1,168044,97.860586
704,1,168044,97.860586
704,1,168044,97.860586
705,1,168044,97.825644
705,1,168044,97.825644
705,1,168044,97.825644
706,1,168044,93.776847
706,1,168044,93.776847
706,1,168044,93.776847
707,1,168044,93.369273
707,1,168044,93.369273
707,1,168044,93.369273
708,1,168044,94.405462
708,1,168044,94.405462
708,1,168044,94.405462
709,1,168044,97.504458
709,1,168044,97.504458
709,1,168044,97.504458
71,1,168046,94.364035
71,1,168046,94.364035
71,1,168046,94.364035
710,1,168044,94.220466
710,1,168044,94.220466
710,1,168044,94.220466
711,1,168044,94.340309
711,1,168044,94.340309
711,1,168044,94.340309
712,1,168044,94.428945
712,1,168044,94.428945
712,1,168044,94.428945
713,1,168044,94.460927
713,1,168044,94.460927
713,1,168044,94.460927
714,1,168044,95.805054
714,1,168044,95.805054
714,1,168044,95.805054
715,1,168044,94.976334
715,1,168044,94.976334
715,1,168044,94.976334
716,1,168044,92.085615
716,1,168044,92.085615
716,1,168044,92.085615
717,1,168044,90.574440
717,1,168044,90.574440
717,1,168044,90.574440
718,1,168044,86.618700
718,1,168044,86.618700
718,1,168044,86.618700
719,1,168044,88.374013
719,1,168044,88.374013
719,1,168044,88.374013
72,1,168046,95.165737
72,1,168046,95.165737
72,1,168046,95.165737
720,1,168046,86.207947
720,1,168046,86.207947
720,1,168046,86.207947
721,1,168046,88.669466
721,1,168046,88.669466
721,1,168046,88.669466
722,1,168044,85.362789
722,1,168044,85.362789
722,1,168044,85.362789
723,1,168046,87.992503
723,1,168046,87.992503
723,1,168046,87.992503
724,1,168046,88.187831
724,1,168046,88.187831
724,1,168046,88.187831
725,1,168046,87.018325
725,1,168046,87.018325
725,1,168046,87.018325
726,1,168046,87.367513
726,1,168046,87.367513
726,1,168046,87.367513
727,1,168046,87.567767
727,1,168046,87.567767
727,1,168046,87.567767
728,1,168046,90.364683
728,1,168046,90.364683
728,1,168046,90.364683
729,1,168046,87.883185
729,1,168046,87.883185
729,1,168046,87.883185
73,1,168046,95.331775
73,1,168046,95.331775
73,1,168046,95.331775
730,1,168046,85.478291
730,1,168046,85.478291
730,1,168046,85.478291
731,1,168046,92.530477
731,1,168046,92.530477
731,1,168046,92.530477
732,1,168046,93.447065
732,1,168046,93.447065
732,1,168046,93.447065
733,1,168046,93.086614
733,1,168046,93.086614
733,1,168046,93.086614
734,1,168046,93.267974
734,1,168046,93.267974
734,1,168046,93.267974
735,1,168046,94.217162
735,1,168046,94.217162
735,1,168046,94.217162
736,1,168046,94.736285
736,1,168046,94.736285
736,1,168046,94.736285
737,1,168046,94.884166
737,1,168046,94.884166
737,1,168046,94.884166
738,1,168046,97.302664
738,1,168046,97.302664
738,1,168046,97.302664
739,1,168046,97.021664
739,1,168046,97.021664
739,1,168046,97.021664
74,1,168046,91.186817
74,1,168046,91.186817
74,1,168046,91.186817
740,1,168046,94.659672
740,1,168046,94.659672
740,1,168046,94.659672
741,1,168046,98.537843
741,1,168046,98.537843
741,1,168046,98.537843
742,1,168046,96.663472
742,1,168046,96.663472
742,1,168046,96.663472
743,1,168046,95.518946
743,1,168046,95.518946
743,1,168046,95.518946
744,1,168046,95.140678
744,1,168046,95.140678
744,1,168046,95.140678
745,1,168046,94.209591
745,1,168046,94.209591
745,1,168046,94.209591
746,1,168044,95.586167
746,1,168044,95.586167
746,1,168044,95.586167
747,1,168046,98.149336
747,1,168046,98.149336
747,1,168046,98.149336
748,1,168046,100.215186
748,1,168046,100.215186
748,1,168046,100.215186
749,1,168046,99.556281
749,1,168046,99.556281
749,1,168046,99.556281
75,1,168046,94.867154
75,1,168046,94.867154
75,1,168046,94.867154
750,1,168046,102.532327
750,1,168046,102.532327
750,1,168046,102.532327
76,1,168046,92.007978
76,1,168046,92.007978
76,1,168046,92.007978
77,1,168046,89.996195
77,1,168046,89.996195
77,1,168046,89.996195
78,1,168046,90.907004
78,1,168046,90.907004
78,1,168046,90.907004
79,1,168046,90.545165
79,1,168046,90.545165
79,1,168046,90.545165
8,1,168045,91.277670
8,1,168045,91.277670
8,1,168045,91.277670
80,1,168046,92.406590
80,1,168046,92.406590
80,1,168046,92.406590
81,1,168046,92.056181
81,1,168046,92.056181
81,1,168046,92.056181
82,1,168046,93.574865
82,1,168046,93.574865
82,1,168046,93.574865
83,1,168046,92.413691
83,1,168046,92.413691
83,1,168046,92.413691
84,1,168046,90.840465
84,1,168046,90.840465
84,1,168046,90.840465
85,1,168046,93.365924
85,1,168046,93.365924
85,1,168046,93.365924
86,1,168046,92.395321
86,1,168046,92.395321
86,1,168046,92.395321
87,1,168046,90.629173
87,1,168046,90.629173
87,1,168046,90.629173
88,1,168046,86.530420
88,1,168046,86.530420
88,1,168046,86.530420
89,1,168046,86.615009
89,1,168046,86.615009
89,1,168046,86.615009
9,1,168045,92.104010
9,1,168045,92.104010
9,1,168045,92.104010
90,1,168046,83.559266
90,1,168046,83.559266
90,1,168046,83.559266
91,1,168046,83.645638
91,1,168046,83.645638
91,1,168046,83.645638
92,1,168046,81.923521
92,1,168046,81.923521
92,1,168046,81.923521
93,1,168046,80.157624
93,1,168046,80.157624
93,1,168046,80.157624
94,1,168046,76.579701
94,1,168046,76.579701
94,1,168046,76.579701
95,1,168046,80.258596
95,1,168046,80.258596
95,1,168046,80.258596
96,1,168046,79.791788
96,1,168046,79.791788
96,1,168046,79.791788
97,1,168046,80.351643
97,1,168046,80.351643
97,1,168046,80.351643
98,1,168046,83.038488
98,1,168046,83.038488
98,1,168046,83.038488
99,1,168046,83.831565
99,1,168046,83.831565
99,1,168046,83.831565
