0,313,168052,14.642916
0,333,168052,14.765304
0,279,168052,14.908443
1,313,168052,14.536912
1,333,168052,14.625306
1,350,168052,14.834259
2,313,168052,14.724840
2,333,168052,14.742176
2,350,168052,14.986479
3,313,168052,14.401633
3,333,168052,14.438833
3,350,168052,14.592794
4,333,168052,14.382094
4,350,168052,14.528729
4,313,168052,14.616018
5,333,168052,14.489452
5,313,168052,14.617683
5,350,168052,14.652879
6,313,168052,14.599869
6,279,168052,14.640393
6,333,168052,14.700488
7,350,168052,14.321569
7,333,168052,14.388379
7,351,168052,14.466485
8,333,168052,14.094133
8,313,168052,14.123449
8,350,168052,14.424877
9,351,168052,13.233736
9,350,168052,13.953543
9,313,168052,14.135322
10,351,168052,13.604717
10,350,168052,14.078365
10,313,168052,14.165940
11,351,168052,14.098885
11,313,168052,14.423807
11,350,168052,14.456911
12,351,168052,13.926038
12,333,168052,14.395858
12,278,168052,14.467699
13,351,168052,12.996725
13,350,168052,13.585560
13,333,168052,14.101478
14,351,168052,13.428450
14,333,168052,14.062481
14,350,168052,14.073618
15,351,168052,13.411850
15,333,168052,13.768122
15,313,168052,13.812363
16,278,168052,11.863949
16,313,168052,12.035790
16,279,168052,12.287247
17,278,168052,11.693527
17,281,168052,12.004556
17,280,168052,12.331206
18,278,168052,11.731617
18,280,168052,12.145130
18,281,168052,12.266244
19,278,168052,9.673849
19,281,168052,9.800031
19,279,168052,10.279460
20,350,168052,13.674643
20,351,168052,13.795721
20,335,168052,13.815607
21,280,168052,13.769517
21,281,168052,13.823781
21,246,168052,14.096788
22,278,168052,10.211896
22,280,168052,10.389215
22,246,168052,10.488478
23,111,168050,10.867704
23,246,168052,11.533237
23,110,168050,11.533955
24,111,168050,10.254863
24,110,168050,11.045849
24,115,168050,11.564582
25,110,168050,10.209471
25,111,168050,10.325920
25,109,168050,11.435063
26,111,168050,8.920148
26,110,168050,9.663507
26,114,168050,10.536946
27,281,168052,10.258693
27,280,168052,10.344844
27,127,168050,10.909288
28,247,168052,10.343993
28,281,168052,10.461104
28,280,168052,10.791533
29,281,168052,10.382546
29,115,168050,10.812801
29,280,168052,10.919419
30,287,168052,10.699490
30,290,168052,11.026472
30,281,168052,11.486012
31,111,168050,10.500016
31,110,168050,10.909815
31,287,168052,11.560604
32,287,168052,6.212106
32,269,168052,6.344747
32,260,168052,6.850051
33,275,168052,5.442748
33,269,168052,5.747581
33,276,168052,5.911494
34,290,168052,3.740947
34,287,168052,3.748014
34,285,168052,4.514554
35,290,168052,3.443125
35,287,168052,4.070189
35,280,168052,4.102379
36,281,168052,4.040755
36,280,168052,4.321257
36,287,168052,4.629574
37,281,168052,4.467291
37,280,168052,4.936444
37,260,168052,5.974201
38,280,168052,2.326435
38,281,168052,2.773751
38,288,168052,3.303477
39,280,168052,2.733283
39,281,168052,2.994438
39,288,168052,3.645557
40,280,168052,2.483070
40,281,168052,3.162072
40,279,168052,3.282676
41,280,168052,2.464799
41,281,168052,3.111716
41,279,168052,3.177848
42,280,168052,2.336674
42,281,168052,2.929563
42,276,168052,3.327150
43,280,168052,2.590234
43,281,168052,2.988792
43,279,168052,3.526659
44,280,168052,2.515109
44,281,168052,3.143591
44,288,168052,3.499520
45,313,168052,4.480468
45,310,168052,4.827401
45,304,168052,5.038852
46,313,168052,3.504216
46,310,168052,4.357132
46,304,168052,4.530048
47,333,168052,3.714173
47,313,168052,4.177607
47,335,168052,4.305243
48,333,168052,5.187930
48,335,168052,5.613496
48,351,168052,5.674635
49,333,168052,4.866343
49,351,168052,4.944747
49,350,168052,5.031965
50,333,168052,3.247956
50,335,168052,3.465354
50,302,168052,4.011071
51,335,168052,3.604538
51,334,168052,4.424818
51,319,168052,4.676534
52,333,168052,4.478469
52,335,168052,4.506717
52,334,168052,5.041233
53,335,168052,4.479225
53,334,168052,4.758123
53,319,168052,4.889139
54,319,168052,5.354893
54,318,168052,5.686235
54,317,168052,6.063572
55,355,168052,5.968633
55,350,168052,6.577437
55,354,168052,6.641894
56,127,168050,6.787814
56,140,168050,7.289185
56,355,168052,7.669888
57,139,168050,6.142063
57,138,168050,6.354418
57,140,168050,6.525839
58,140,168050,5.462269
58,139,168050,5.970694
58,161,168050,6.679648
59,161,168050,8.096418
59,160,168050,8.411315
59,140,168050,8.740528
60,161,168050,6.333295
60,160,168050,7.201390
60,140,168050,7.338922
61,140,168050,9.496787
61,166,168050,9.606500
61,139,168050,9.885744
62,161,168050,12.176598
62,160,168050,12.433950
62,170,168050,12.453683
63,318,168052,11.860479
63,319,168052,11.959583
63,317,168052,12.538309
64,198,168050,12.016000
64,318,168052,12.047442
64,170,168050,12.478225
65,281,168052,11.036016
65,280,168052,11.455303
65,287,168052,11.778838
66,287,168052,12.572121
66,290,168052,13.118417
66,318,168052,13.524896
67,166,168050,13.473820
67,170,168050,13.964831
67,161,168050,14.227342
68,166,168050,11.834272
68,170,168050,12.660110
68,165,168050,12.938441
69,166,168050,13.868296
69,170,168050,14.086415
69,198,168050,14.503505
70,166,168050,17.684017
70,170,168050,18.136911
70,140,168050,18.338608
71,140,168050,18.741632
71,127,168050,19.065989
71,166,168050,19.075027
72,166,168050,16.102381
72,170,168050,17.140035
72,165,168050,17.357651
73,166,168050,16.305797
73,165,168050,17.395595
73,167,168050,17.596614
74,140,168050,15.845850
74,402,168046,16.166411
74,401,168046,16.184314
75,161,168050,18.924256
75,170,168050,19.057625
75,287,168052,19.227743
76,166,168050,14.504848
76,165,168050,15.684502
76,161,168050,15.942262
77,287,168052,16.552966
77,166,168050,17.627312
77,285,168052,17.744747
78,287,168052,15.497466
78,366,168046,15.994117
78,380,168046,16.152664
79,166,168050,12.175018
79,165,168050,13.304286
79,170,168050,13.485162
80,395,168046,17.000786
80,387,168046,17.140414
80,392,168046,17.643325
81,400,168046,14.458571
81,395,168046,15.067333
81,399,168046,15.447501
82,287,168052,14.295933
82,285,168052,15.548497
82,397,168046,15.849184
83,402,168046,13.636001
83,401,168046,13.884748
83,397,168046,14.301290
84,399,168046,13.615065
84,400,168046,13.801857
84,401,168046,14.123118
85,399,168046,13.796929
85,402,168046,13.980663
85,401,168046,14.087500
86,402,168046,12.838077
86,400,168046,13.447387
86,401,168046,13.662916
87,399,168046,10.095451
87,402,168046,10.453213
87,401,168046,10.671541
88,393,168046,8.327702
88,395,168046,8.545111
88,387,168046,8.559189
89,395,168046,5.839615
89,393,168046,6.319963
89,400,168046,6.376104
90,395,168046,4.641709
90,387,168046,5.003976
90,393,168046,5.128854
91,380,168046,8.167053
91,379,168046,8.358283
91,387,168046,9.134612
92,401,168046,4.989511
92,400,168046,5.190383
92,402,168046,5.601547
93,366,168046,7.133306
93,400,168046,7.554654
93,401,168046,7.664376
94,366,168046,7.373137
94,367,168046,7.393070
94,365,168046,7.813793
95,366,168046,6.248455
95,367,168046,6.641080
95,365,168046,6.813783
96,400,168046,6.468220
96,401,168046,6.852156
96,398,168046,7.225431
97,402,168046,7.001515
97,401,168046,7.025513
97,400,168046,7.039649
98,400,168046,11.638493
98,401,168046,12.428312
98,398,168046,12.506477
99,399,168046,10.535416
99,401,168046,10.808648
99,400,168046,10.966276
100,399,168046,9.157694
100,402,168046,9.719758
100,401,168046,10.033655
101,402,168046,9.804730
101,399,168046,10.563993
101,401,168046,10.619431
102,399,168046,10.932831
102,401,168046,11.325272
102,398,168046,11.651663
103,400,168046,11.675154
103,402,168046,12.241231
103,401,168046,12.366422
104,400,168046,14.226938
104,399,168046,14.300983
104,398,168046,14.869066
105,399,168046,12.372791
105,400,168046,12.402004
105,397,168046,12.877623
106,402,168046,13.390765
106,401,168046,13.508366
106,399,168046,13.641876
107,402,168046,12.996481
107,400,168046,13.714405
107,401,168046,13.962044
108,403,168044,10.540063
108,400,168046,13.205934
108,380,168046,13.428705
109,403,168044,14.279474
109,400,168046,15.587974
109,380,168046,15.711692
110,399,168046,13.482672
110,400,168046,14.097219
110,398,168046,14.333837
111,399,168046,14.381899
111,401,168046,14.505185
111,402,168046,14.534125
112,402,168046,15.380338
112,401,168046,15.701479
112,399,168046,15.795369
113,397,168046,17.311275
113,384,168046,17.624612
113,399,168046,17.636308
114,399,168046,20.600843
114,401,168046,20.827746
114,397,168046,21.187623
115,321,168052,21.337875
115,399,168046,21.658298
115,401,168046,22.002236
116,375,168052,21.007059
116,393,168052,21.109932
116,387,168052,21.286813
117,287,168052,17.972525
117,300,168052,18.661127
117,285,168052,19.086389
118,18,168049,17.386023
118,29,168049,17.654144
118,4,168049,17.741610
119,403,168044,12.664464
119,4,168049,14.745126
119,20,168049,15.428080
120,403,168044,8.583555
120,4,168049,12.521438
120,18,168049,13.655612
121,403,168044,5.703448
121,4,168049,12.667037
121,3,168049,13.130420
122,403,168044,6.971318
122,3,168049,11.738475
122,2,168049,12.949412
123,403,168044,7.886996
123,3,168049,10.789783
123,2,168049,11.869211
124,4,168049,9.511778
124,2,168049,10.470574
124,3,168049,10.475230
125,403,168044,9.020294
125,4,168049,12.212017
125,2,168049,13.245520
126,403,168044,8.085162
126,111,168043,11.047196
126,110,168043,11.163587
127,403,168044,6.353612
127,111,168043,10.985133
127,95,168043,11.115297
128,73,168043,9.355028
128,66,168043,9.536760
128,95,168043,9.581683
129,66,168043,7.171542
129,79,168043,7.686349
129,78,168043,8.105439
130,73,168043,8.246123
130,71,168043,8.464287
130,75,168043,8.769528
131,74,168043,9.055274
131,93,168043,9.399901
131,73,168043,9.558238
132,75,168043,9.096208
132,74,168043,9.480214
132,93,168043,9.536275
133,7,168049,8.426833
133,11,168049,8.995244
133,8,168049,9.001708
134,3,168049,7.676849
134,7,168049,8.390652
134,11,168049,8.423542
135,4,168049,7.008914
135,3,168049,7.215476
135,2,168049,7.381439
136,4,168049,6.609092
136,10,168049,6.618836
136,11,168049,6.636569
137,4,168049,6.316070
137,10,168049,6.392292
137,11,168049,6.631114
138,7,168049,5.057369
138,8,168049,5.184249
138,5,168049,6.285745
139,4,168049,4.874082
139,2,168049,6.005152
139,10,168049,6.447869
140,11,168049,5.443394
140,7,168049,5.697601
140,3,168049,6.072759
141,4,168049,8.710181
141,11,168049,9.228256
141,2,168049,9.244887
142,7,168049,5.652910
142,8,168049,6.009634
142,6,168049,6.375662
143,8,168049,6.073783
143,7,168049,6.569985
143,11,168049,7.012706
144,8,168049,6.420733
144,7,168049,7.031241
144,6,168049,7.689196
145,8,168049,9.553479
145,7,168049,9.613942
145,5,168049,10.976565
146,7,168049,7.906430
146,8,168049,8.323271
146,6,168049,9.183200
147,6,168043,17.918149
147,7,168043,18.124242
147,10,168043,18.331291
148,7,168049,10.644022
148,8,168049,10.915830
148,11,168049,11.337282
149,6,168043,19.026453
149,10,168043,19.154727
149,4,168043,19.582225
150,4,168043,22.162450
150,10,168043,23.161768
150,2,168043,23.448469
151,10,168043,25.400708
151,4,168043,25.480043
151,6,168043,25.639024
152,6,168043,25.310441
152,7,168043,25.475139
152,8,168043,25.529785
153,4,168043,23.665895
153,2,168043,24.742275
153,10,168043,25.129452
154,4,168043,25.228126
154,2,168043,26.451492
154,3,168043,26.890116
155,393,168052,26.189456
155,388,168052,26.634983
155,389,168052,26.772480
156,4,168049,13.686886
156,8,168049,14.011070
156,10,168049,14.026656
157,4,168049,12.555513
157,2,168049,13.092574
157,10,168049,13.403844
158,4,168049,18.682871
158,8,168049,18.739388
158,10,168049,18.842383
159,4,168049,17.170708
159,10,168049,18.154002
159,2,168049,18.332567
160,4,168049,20.294123
160,393,168052,20.378433
160,391,168052,20.509528
161,391,168052,17.818046
161,393,168052,17.940347
161,397,168052,17.976670
162,393,168052,16.892951
162,397,168052,17.371908
162,392,168052,17.512068
163,397,168052,16.427782
163,396,168052,16.896633
163,393,168052,16.963568
164,396,168052,17.083692
164,397,168052,17.158187
164,399,168052,17.635760
165,392,168052,17.776090
165,391,168052,18.065148
165,397,168052,18.259510
166,4,168043,20.900152
166,287,168052,20.917051
166,388,168052,21.928394
167,4,168043,17.979523
167,2,168043,18.889124
167,3,168043,19.051073
168,4,168043,16.568271
168,2,168043,17.763060
168,3,168043,18.123208
169,4,168043,21.583997
169,4,168049,22.248553
169,2,168043,22.570325
170,115,168043,22.164508
170,113,168043,22.562211
170,110,168043,22.652884
171,110,168043,21.303335
171,111,168043,21.405603
171,95,168043,21.614506
172,127,168043,18.896668
172,125,168043,20.087851
172,138,168043,20.464259
173,111,168043,18.176095
173,114,168043,18.677786
173,110,168043,18.693660
174,111,168043,17.367074
174,110,168043,17.772018
174,114,168043,18.388754
175,115,168043,18.200296
175,114,168043,18.933097
175,113,168043,19.496322
176,389,168052,19.784744
176,110,168043,20.138404
176,113,168043,20.227505
177,393,168052,19.359422
177,392,168052,19.784578
177,389,168052,20.491113
178,393,168052,19.599587
178,392,168052,20.247608
178,388,168052,20.776642
179,393,168052,17.624614
179,392,168052,18.533854
179,391,168052,18.829547
180,114,168043,19.829163
180,110,168043,20.101640
180,113,168043,20.128159
181,114,168043,20.969292
181,115,168043,21.490381
181,133,168043,21.589558
182,393,168052,18.355994
182,392,168052,19.028741
182,389,168052,20.002344
183,393,168052,19.338296
183,392,168052,19.966127
183,388,168052,21.034983
184,127,168043,21.105738
184,115,168043,21.303201
184,113,168043,21.571047
185,393,168052,20.884976
185,113,168043,21.360535
185,127,168043,21.565363
186,114,168043,18.012154
186,110,168043,18.038086
186,111,168043,18.189176
187,126,168043,17.148151
187,138,168043,17.215166
187,151,168043,17.216778
188,126,168043,17.886816
188,138,168043,18.705723
188,114,168043,18.973162
189,138,168043,15.576471
189,151,168043,15.725428
189,133,168043,15.847447
190,133,168043,16.200634
190,135,168043,16.405864
190,151,168043,16.446730
191,115,168043,13.407605
191,114,168043,14.282636
191,133,168043,14.336995
192,126,168043,13.757996
192,114,168043,14.297506
192,115,168043,14.543070
193,115,168043,13.508208
193,114,168043,14.259607
193,111,168043,14.415946
194,114,168043,14.473114
194,127,168043,14.483751
194,115,168043,14.602835
195,111,168043,15.351771
195,110,168043,15.730515
195,127,168043,15.759957
196,111,168043,15.635182
196,115,168043,15.718554
196,127,168043,15.782872
197,111,168043,13.842622
197,110,168043,14.065310
197,114,168043,14.989434
198,115,168043,15.847055
198,127,168043,15.868243
198,114,168043,16.321202
199,403,168051,16.653988
199,4,168049,17.120363
199,3,168049,17.410853
200,115,168043,16.067373
200,127,168043,16.669323
200,114,168043,16.865633
201,95,168043,16.541012
201,127,168043,16.629702
201,110,168043,16.643808
202,111,168043,11.871625
202,114,168043,12.255839
202,110,168043,12.294293
203,114,168043,12.983491
203,115,168043,13.063900
203,110,168043,13.265554
204,111,168043,13.528778
204,110,168043,13.905003
204,114,168043,14.629073
205,110,168043,13.272812
205,111,168043,13.370464
205,114,168043,14.081858
206,111,168043,12.602880
206,110,168043,13.190167
206,94,168043,14.138743
207,111,168043,16.213317
207,110,168043,16.570345
207,114,168043,17.603506
208,207,168051,16.387886
208,111,168043,17.084561
208,238,168051,17.089070
209,207,168051,16.571767
209,205,168051,17.580350
209,206,168051,17.641704
210,207,168051,12.778562
210,205,168051,13.956342
210,115,168043,14.296773
211,127,168043,13.145404
211,278,168051,13.622326
211,111,168043,13.819628
212,207,168051,10.931682
212,206,168051,11.570635
212,205,168051,11.636650
213,239,168051,8.603629
213,238,168051,8.934729
213,237,168051,9.202284
214,240,168051,4.999234
214,241,168051,5.233839
214,239,168051,5.404497
215,238,168051,6.526087
215,239,168051,7.022975
215,241,168051,7.085777
216,273,168051,8.399256
216,266,168051,9.163924
216,264,168051,9.283039
217,273,168051,9.421876
217,239,168051,9.709951
217,238,168051,9.900305
218,238,168051,9.043582
218,239,168051,9.436595
218,237,168051,9.809597
219,295,168051,10.487117
219,293,168051,10.509148
219,238,168051,10.950686
220,241,168051,10.395239
220,266,168051,10.835969
220,279,168051,10.917544
221,241,168051,7.572883
221,240,168051,7.747633
221,238,168051,8.184015
222,241,168051,8.548918
222,240,168051,8.579528
222,219,168051,9.072734
223,241,168051,8.033552
223,240,168051,8.397709
223,238,168051,8.467308
224,238,168051,8.206000
224,240,168051,8.285224
224,241,168051,8.455297
225,207,168051,9.507264
225,238,168051,10.007275
225,241,168051,10.179750
226,207,168051,8.638441
226,241,168051,9.189419
226,210,168051,9.311258
227,207,168051,7.892906
227,210,168051,8.880117
227,238,168051,9.095142
228,238,168051,8.090652
228,239,168051,8.189607
228,237,168051,8.653315
229,271,168051,7.777612
229,270,168051,8.247263
229,275,168051,8.481817
230,239,168051,7.847666
230,238,168051,7.855469
230,255,168051,7.892913
231,255,168051,8.339878
231,273,168051,8.348649
231,270,168051,8.645574
232,273,168051,11.244216
232,286,168051,11.276228
232,255,168051,11.833475
233,286,168051,11.573595
233,273,168051,11.872282
233,275,168051,12.231067
234,274,168051,11.337242
234,273,168051,11.519550
234,270,168051,11.703166
235,238,168051,13.070814
235,239,168051,13.252760
235,270,168051,13.479589
236,271,168051,10.938550
236,255,168051,11.599702
236,273,168051,11.773462
237,271,168051,13.131385
237,238,168051,13.680580
237,273,168051,13.689642
238,201,168051,11.297946
238,200,168051,11.397651
238,238,168051,11.728700
239,238,168051,10.345901
239,239,168051,11.113174
239,237,168051,11.149036
240,207,168051,8.275671
240,238,168051,8.492195
240,240,168051,9.007228
241,207,168051,9.252406
241,238,168051,9.790857
241,210,168051,10.111873
242,207,168051,9.476425
242,205,168051,10.675932
242,210,168051,10.738714
243,207,168051,10.492688
243,206,168051,11.062474
243,205,168051,11.286880
244,207,168051,11.913675
244,220,168051,12.339243
244,206,168051,12.431746
245,207,168051,11.327699
245,220,168051,11.347737
245,205,168051,11.986283
246,207,168051,8.916335
246,220,168051,9.640877
246,205,168051,9.997279
247,238,168051,10.219222
247,201,168051,10.402117
247,210,168051,10.410020
248,201,168051,10.024184
248,207,168051,10.128192
248,210,168051,10.217180
249,180,168051,10.272854
249,201,168051,10.280358
249,179,168051,10.498184
250,166,168051,11.121880
250,180,168051,11.301983
250,167,168051,11.553847
251,166,168051,9.406519
251,167,168051,9.688295
251,165,168051,9.891296
252,166,168051,10.718526
252,180,168051,10.958465
252,179,168051,11.388257
253,201,168051,11.663484
253,166,168051,12.173678
253,200,168051,12.247599
254,167,168051,7.845891
254,166,168051,8.231483
254,165,168051,8.403694
255,167,168051,9.433486
255,166,168051,9.441461
255,165,168051,9.810741
256,198,168051,8.199354
256,199,168051,8.559328
256,197,168051,8.935231
257,166,168051,8.560317
257,165,168051,9.476602
257,201,168051,9.497619
258,166,168051,8.210717
258,167,168051,9.025215
258,165,168051,9.072490
259,166,168051,8.895920
259,170,168051,9.792372
259,198,168051,9.850737
260,170,168051,7.000361
260,161,168051,7.560804
260,198,168051,7.575050
261,170,168051,6.465538
261,198,168051,6.612148
261,160,168051,7.139206
262,198,168051,6.879995
262,201,168051,6.949374
262,200,168051,7.071974
263,199,168051,5.755894
263,198,168051,5.873234
263,215,168051,6.310285
264,198,168051,6.966844
264,201,168051,7.095385
264,199,168051,7.282282
265,201,168051,7.794785
265,198,168051,7.950627
265,200,168051,8.344394
266,200,168051,5.039058
266,198,168051,5.076570
266,197,168051,5.490421
267,166,168051,7.068019
267,180,168051,7.702093
267,170,168051,7.810345
268,167,168051,6.225494
268,180,168051,6.777475
268,165,168051,7.102261
269,180,168051,8.687304
269,179,168051,9.399492
269,167,168051,9.461803
270,100,168049,11.783260
270,98,168049,12.344011
270,99,168049,12.440178
271,110,168049,10.525482
271,109,168049,10.661490
271,115,168049,10.912104
272,166,168051,7.625108
272,180,168051,8.440749
272,165,168051,8.539958
273,167,168051,7.125533
273,166,168051,7.279721
273,165,168051,7.659951
274,167,168051,9.345716
274,166,168051,9.782451
274,165,168051,10.038894
275,166,168051,8.694582
275,165,168051,9.694213
275,167,168051,9.970454
276,166,168051,10.606347
276,167,168051,11.087459
276,165,168051,11.296479
277,166,168051,9.909303
277,167,168051,10.443149
277,165,168051,10.593922
278,166,168051,12.011507
278,165,168051,13.038036
278,167,168051,13.237306
279,111,168049,13.214309
279,110,168049,13.722371
279,95,168049,14.479824
280,167,168051,12.480977
280,166,168051,12.982492
280,165,168051,13.209490
281,167,168051,11.401739
281,165,168051,12.468283
281,166,168051,12.705273
282,167,168051,12.062421
282,180,168051,12.074620
282,166,168051,12.105797
283,95,168049,11.404964
283,41,168049,11.959540
283,94,168049,11.960275
284,38,168049,9.703707
284,40,168049,10.113383
284,39,168049,10.266774
285,38,168049,8.831546
285,41,168049,8.945620
285,39,168049,9.079911
286,38,168049,9.196150
286,40,168049,9.316348
286,3,168049,9.435667
287,38,168049,11.706121
287,66,168049,11.715323
287,79,168049,11.735608
288,38,168049,12.136676
288,41,168049,12.143570
288,3,168049,12.414258
289,41,168049,11.783566
289,38,168049,12.066044
289,40,168049,12.661218
290,41,168049,10.724603
290,38,168049,11.348642
290,95,168049,11.358978
291,3,168049,13.831213
291,40,168049,13.970785
291,41,168049,14.233803
292,38,168049,18.220079
292,167,168051,18.243711
292,95,168049,18.519751
293,167,168051,14.036129
293,165,168051,14.884475
293,166,168051,14.918359
294,38,168049,14.616322
294,95,168049,15.393882
294,39,168049,15.437323
295,10,168049,11.991189
295,38,168049,12.191490
295,3,168049,12.350359
296,167,168051,16.150468
296,166,168051,16.520709
296,38,168049,16.607136
297,180,168051,16.025521
297,206,168051,16.660346
297,179,168051,16.736384
298,4,168049,18.028923
298,235,168043,18.862912
298,255,168043,18.965150
299,4,168049,16.441713
299,231,168043,17.204858
299,230,168043,17.399305
300,4,168049,14.468264
300,10,168049,15.152248
300,2,168049,15.654392
301,4,168049,13.639817
301,10,168049,13.985033
301,2,168049,14.606094
302,4,168049,14.097100
302,2,168049,15.172865
302,20,168049,15.419879
303,10,168049,13.519327
303,6,168049,13.614266
303,8,168049,13.802245
304,10,168049,9.217016
304,6,168049,9.433073
304,4,168049,9.802288
305,10,168049,7.073801
305,6,168049,7.360681
305,8,168049,8.001497
306,6,168049,9.452293
306,10,168049,9.521185
306,38,168049,10.230244
307,38,168049,7.770276
307,10,168049,8.034075
307,6,168049,8.457989
308,6,168049,7.000211
308,38,168049,7.256216
308,8,168049,7.271731
309,38,168049,5.795690
309,37,168049,6.801795
309,41,168049,6.974943
310,4,168049,6.341773
310,10,168049,7.053466
310,2,168049,7.288695
311,4,168049,5.945124
311,2,168049,7.018578
311,3,168049,7.341365
312,3,168049,4.160150
312,2,168049,5.222529
312,4,168049,5.683936
313,3,168049,3.886878
313,18,168049,4.788590
313,2,168049,4.811280
314,20,168049,3.446227
314,19,168049,4.422526
314,3,168049,4.602553
315,3,168049,3.869242
315,20,168049,4.840239
315,18,168049,4.948342
316,18,168049,5.164040
316,20,168049,5.209422
316,29,168049,5.629012
317,233,168043,7.712730
317,255,168043,8.143757
317,253,168043,8.202034
318,233,168043,5.808689
318,226,168043,5.942653
318,255,168043,5.969216
319,20,168049,5.608340
319,19,168049,6.119370
319,3,168049,6.747916
320,19,168049,4.369898
320,3,168049,4.754934
320,20,168049,4.874582
321,20,168049,4.754498
321,19,168049,4.808826
321,3,168049,5.134143
322,19,168049,3.599213
322,20,168049,3.696592
322,41,168049,4.362919
323,40,168049,3.939583
323,41,168049,4.064561
323,20,168049,5.099241
324,4,168049,4.657119
324,19,168049,5.231153
324,2,168049,5.422508
325,41,168049,3.441136
325,40,168049,4.091487
325,38,168049,4.149001
326,38,168049,4.988577
326,39,168049,5.172976
326,26,168049,5.633399
327,10,168049,5.228678
327,38,168049,5.397542
327,19,168049,5.864497
328,3,168049,4.460231
328,10,168049,5.515326
328,2,168049,5.663543
329,10,168049,4.845286
329,19,168049,5.067052
329,3,168049,5.235721
330,3,168049,3.968369
330,19,168049,4.046560
330,41,168049,4.181697
331,3,168049,4.221535
331,19,168049,4.574890
331,40,168049,4.673033
332,41,168049,3.378949
332,19,168049,3.698726
332,20,168049,4.019168
333,10,168049,3.427722
333,41,168049,3.661356
333,16,168049,4.212477
334,10,168049,4.105453
334,41,168049,4.363149
334,16,168049,4.862169
335,10,168049,3.986198
335,3,168049,4.764504
335,6,168049,4.922543
336,41,168049,4.966831
336,6,168049,5.056505
336,10,168049,5.116371
337,40,168049,6.210069
337,3,168049,6.477920
337,41,168049,6.798324
338,233,168045,6.830107
338,234,168045,6.991485
338,253,168045,7.428850
339,3,168049,5.962299
339,235,168045,6.910257
339,2,168049,7.004819
340,246,168045,5.320367
340,201,168043,5.435539
340,258,168045,5.579485
341,3,168049,4.926855
341,160,168043,4.979596
341,200,168043,5.109846
342,200,168043,4.208287
342,201,168043,4.249508
342,10,168049,4.463829
343,10,168049,3.714149
343,161,168043,4.646343
343,6,168049,4.768660
344,10,168049,4.709798
344,3,168049,4.862790
344,6,168049,5.156137
345,201,168043,5.722712
345,200,168043,6.140928
345,170,168043,6.485097
346,160,168043,4.150298
346,161,168043,4.584109
346,168,168043,4.984472
347,160,168043,4.237892
347,158,168043,4.563475
347,161,168043,4.645787
348,161,168043,4.169979
348,160,168043,4.386654
348,139,168043,4.669176
349,161,168043,4.151753
349,158,168043,4.336636
349,160,168043,4.577475
350,3,168049,4.578271
350,140,168043,4.581625
350,139,168043,4.945751
351,3,168049,4.279622
351,126,168043,4.313412
351,140,168043,4.560567
352,3,168049,4.740561
352,126,168043,4.829770
352,2,168049,5.926347
353,126,168043,5.290252
353,3,168049,5.668982
353,125,168043,6.133877
354,126,168043,5.298423
354,3,168049,6.264741
354,125,168043,6.543904
355,126,168043,6.412218
355,125,168043,7.261981
355,127,168043,7.449762
356,126,168043,4.929389
356,140,168043,5.147252
356,139,168043,5.470240
357,3,168049,4.541663
357,126,168043,4.683021
357,140,168043,5.041068
358,3,168049,4.501394
358,10,168049,4.946758
358,19,168049,5.167880
359,3,168049,4.155785
359,10,168049,4.679354
359,2,168049,4.788688
360,3,168049,4.483895
360,10,168049,4.679676
360,20,168049,5.226632
361,121,168043,4.679549
361,120,168043,4.701034
361,117,168043,5.985612
362,120,168043,2.225436
362,121,168043,2.715921
362,128,168043,2.940808
363,121,168043,3.893127
363,120,168043,3.901874
363,116,168043,4.061503
364,40,168049,4.784066
364,41,168049,4.817197
364,39,168049,5.177631
365,116,168043,3.450354
365,109,168043,4.017665
365,128,168043,4.490825
366,99,168043,2.671656
366,100,168043,2.951865
366,98,168043,3.074637
367,39,168049,5.129580
367,109,168043,5.272809
367,20,168049,5.507939
368,39,168049,4.007199
368,40,168049,4.273472
368,37,168049,4.674381
369,40,168049,2.374777
369,41,168049,2.845088
369,37,168049,3.530167
370,41,168049,2.915044
370,40,168049,3.540814
370,39,168049,3.711605
371,41,168049,4.735553
371,39,168049,4.762774
371,40,168049,5.299874
372,41,168049,3.518613
372,39,168049,4.228596
372,40,168049,4.406149
373,39,168049,3.390263
373,20,168049,3.637056
373,19,168049,4.047556
374,20,168049,3.155792
374,19,168049,4.030707
374,18,168049,4.475673
375,39,168049,4.158958
375,40,168049,4.571395
375,4,168049,4.654028
376,20,168049,4.326529
376,19,168049,4.350696
376,4,168049,4.691080
377,39,168049,3.863334
377,40,168049,4.398450
377,37,168049,4.622795
378,19,168049,4.415305
378,4,168049,4.617070
378,20,168049,4.707199
379,20,168049,4.829761
379,4,168049,4.932162
379,19,168049,5.397827
380,20,168049,3.365957
380,19,168049,3.933658
380,36,168049,4.381574
381,39,168049,2.746657
381,37,168049,3.760812
381,20,168049,3.856686
382,40,168049,3.826765
382,41,168049,3.991858
382,37,168049,4.580484
383,40,168049,3.753652
383,39,168049,4.389075
383,38,168049,4.440605
384,39,168049,4.816433
384,40,168049,4.849691
384,41,168049,5.027222
385,4,168049,9.469188
385,19,168049,9.919923
385,20,168049,9.985923
386,4,168049,8.320769
386,20,168049,8.487461
386,19,168049,8.553720
387,4,168049,12.482253
387,3,168049,13.012730
387,2,168049,13.172747
388,4,168049,11.197542
388,3,168049,12.015457
388,2,168049,12.078863
389,3,168049,12.753549
389,4,168049,12.926036
389,2,168049,13.291797
390,127,168043,12.076631
390,125,168043,12.978712
390,126,168043,12.990800
391,127,168043,12.161314
391,125,168043,13.175021
391,126,168043,13.318379
392,127,168043,10.061411
392,125,168043,11.254917
392,140,168043,11.557553
393,127,168043,9.434898
393,139,168043,10.123526
393,125,168043,10.440768
394,161,168043,10.020401
394,160,168043,10.328894
394,158,168043,11.253330
395,161,168043,11.337520
395,160,168043,11.539649
395,127,168043,11.789121
396,127,168043,12.647949
396,160,168043,12.734227
396,140,168043,12.739852
397,161,168043,9.716385
397,160,168043,10.107273
397,127,168043,10.342978
398,161,168043,8.620252
398,160,168043,8.784177
398,158,168043,8.822416
399,127,168043,7.251341
399,158,168043,7.497192
399,130,168043,7.588790
400,161,168043,7.830163
400,130,168043,8.443341
400,158,168043,8.558681
401,127,168043,8.481763
401,125,168043,9.686148
401,130,168043,9.987725
402,127,168043,11.162989
402,130,168043,11.827048
402,121,168043,11.992826
403,127,168043,11.690295
403,125,168043,12.769495
403,100,168043,12.853137
404,127,168043,12.394088
404,125,168043,13.521543
404,126,168043,13.752854
405,8,168048,13.478425
405,127,168043,13.838959
405,7,168048,14.098132
406,8,168048,13.455901
406,127,168043,13.542462
406,7,168048,14.037336
407,8,168048,15.181174
407,7,168048,15.623649
407,6,168048,16.500200
408,8,168048,13.510712
408,7,168048,13.557535
408,14,168048,14.700968
409,15,168048,15.209745
409,7,168048,15.584524
409,8,168048,15.676709
410,15,168048,15.029424
410,14,168048,15.647607
410,8,168048,16.328092
411,15,168048,15.529156
411,8,168048,15.627034
411,14,168048,15.798764
412,15,168048,17.125188
412,33,168048,17.492920
412,14,168048,17.531492
413,3,168049,14.884246
413,2,168049,15.451671
413,4,168049,15.474822
414,3,168049,11.193499
414,2,168049,12.235786
414,13,168049,12.406230
415,18,168049,7.860556
415,3,168049,8.030232
415,20,168049,8.261076
416,3,168049,7.873743
416,18,168049,8.685409
416,2,168049,9.085134
417,3,168049,7.389827
417,2,168049,8.364036
417,4,168049,8.554655
418,3,168049,6.858288
418,2,168049,7.914215
418,4,168049,8.106153
419,3,168049,6.853913
419,2,168049,7.892332
419,4,168049,8.215305
420,3,168049,7.942563
420,4,168049,8.681040
420,2,168049,8.774370
421,3,168049,5.843116
421,11,168049,5.887350
421,7,168049,5.985382
422,7,168049,5.960549
422,8,168049,5.991343
422,5,168049,7.309530
423,8,168049,5.304163
423,7,168049,5.476516
423,14,168049,5.601363
424,7,168049,3.732949
424,6,168049,4.173560
424,8,168049,4.509863
425,7,168049,2.392913
425,14,168049,2.529004
425,8,168049,2.897227
426,14,168049,2.396559
426,30,168049,2.865233
426,15,168049,2.918581
427,14,168049,2.352538
427,30,168049,2.438155
427,13,168049,2.794542
428,30,168049,2.308811
428,14,168049,2.528623
428,31,168049,2.820991
429,30,168049,2.381496
429,14,168049,2.715839
429,13,168049,2.933157
430,15,168049,4.463385
430,14,168049,4.522079
430,8,168049,5.210823
431,15,168049,3.796685
431,14,168049,4.632774
431,13,168049,5.217942
432,15,168049,4.089800
432,14,168049,4.766135
432,13,168049,5.156927
433,30,168049,4.979470
433,31,168049,4.986179
433,15,168049,5.206888
434,31,168049,6.364062
434,30,168049,6.736380
434,35,168049,7.759141
435,31,168049,5.578120
435,30,168049,6.462751
435,29,168049,6.623434
436,30,168049,6.690382
436,31,168049,7.182502
436,35,168049,7.276776
437,31,168049,4.832085
437,34,168049,5.050230
437,30,168049,5.319809
438,47,168049,6.402820
438,50,168049,6.831509
438,36,168049,7.262420
439,393,168045,8.111643
439,392,168045,8.576844
439,50,168049,8.634213
440,3,168049,6.848069
440,388,168045,7.279439
440,18,168049,7.359886
441,20,168049,5.478476
441,19,168049,6.328604
441,18,168049,6.758946
442,20,168049,6.014397
442,19,168049,6.397946
442,3,168049,6.925611
443,36,168049,7.218306
443,39,168049,7.269928
443,389,168045,7.317195
444,29,168049,7.635822
444,36,168049,7.781394
444,39,168049,7.817137
445,389,168045,6.400920
445,388,168045,6.551804
445,29,168049,6.603191
446,373,168045,8.002375
446,375,168045,8.221570
446,388,168045,8.551587
447,378,168045,6.605147
447,355,168045,6.860433
447,373,168045,6.884820
448,378,168045,5.303483
448,380,168045,5.596495
448,366,168045,5.872459
449,366,168045,5.653897
449,378,168045,5.659427
449,373,168045,6.318874
450,366,168045,6.850030
450,378,168045,7.292890
450,355,168045,7.304634
451,378,168045,8.237617
451,366,168045,8.510033
451,388,168045,9.244446
452,355,168045,7.113949
452,378,168045,7.276818
452,373,168045,7.381492
453,47,168049,6.407426
453,366,168045,7.062895
453,81,168049,7.228695
454,47,168049,6.652873
454,366,168045,6.655847
454,46,168049,7.192458
455,380,168045,7.814587
455,47,168049,8.063245
455,366,168045,8.591871
456,380,168045,5.476980
456,47,168049,6.008716
456,46,168049,6.248457
457,46,168049,3.812573
457,47,168049,4.301713
457,45,168049,4.436772
458,46,168049,3.844337
458,47,168049,4.301785
458,45,168049,4.436367
459,34,168049,2.818115
459,35,168049,3.201548
459,32,168049,4.099947
460,34,168049,2.317515
460,35,168049,2.941501
460,33,168049,3.134786
461,30,168049,2.260047
461,34,168049,2.377006
461,31,168049,2.892836
462,34,168049,2.543759
462,35,168049,2.927367
462,30,168049,3.519217
463,35,168049,3.390456
463,47,168049,4.045575
463,34,168049,4.055972
464,47,168049,4.737526
464,45,168049,5.423784
464,46,168049,5.572526
465,46,168049,4.605582
465,47,168049,4.753813
465,45,168049,5.110260
466,47,168049,4.011484
466,46,168049,4.612676
466,45,168049,4.769404
467,46,168049,4.132944
467,47,168049,4.602085
467,45,168049,4.770213
468,60,168049,3.199607
468,58,168049,3.890751
468,59,168049,4.147921
469,60,168049,6.445471
469,46,168049,6.806098
469,59,168049,7.389263
470,60,168049,8.989919
470,58,168049,9.595271
470,59,168049,9.909367
471,46,168049,9.000847
471,58,168049,9.636932
471,45,168049,10.257060
472,46,168049,9.580679
472,58,168049,10.594309
472,45,168049,10.690921
473,60,168049,10.441914
473,47,168049,11.094628
473,59,168049,11.165209
474,60,168049,6.810123
474,46,168049,7.082407
474,58,168049,7.160967
475,46,168049,6.330799
475,45,168049,7.043216
475,47,168049,7.168901
476,58,168049,8.677515
476,53,168049,9.223413
476,46,168049,9.491999
477,58,168049,4.626614
477,53,168049,5.442347
477,47,168049,5.530004
478,47,168049,4.311753
478,58,168049,4.420731
478,45,168049,5.295195
479,47,168049,4.287650
479,58,168049,4.537651
479,45,168049,4.770828
480,59,168049,4.399836
480,60,168049,4.427844
480,58,168049,4.656970
481,58,168049,3.874699
481,47,168049,4.523870
481,53,168049,4.818677
482,47,168049,4.328310
482,59,168049,4.353504
482,58,168049,4.379966
483,47,168049,5.734676
483,45,168049,6.756057
483,58,168049,7.162676
484,47,168049,6.868179
484,58,168049,7.357137
484,53,168049,7.936783
485,47,168049,6.873664
485,58,168049,7.490094
485,60,168049,7.588445
486,60,168049,5.908819
486,47,168049,6.148900
486,45,168049,6.791791
487,47,168049,6.068233
487,46,168049,6.948338
487,45,168049,6.980915
488,47,168049,6.381281
488,35,168049,7.268034
488,45,168049,7.403864
489,34,168049,8.728554
489,35,168049,8.729979
489,46,168049,8.969046
490,35,168049,9.956053
490,34,168049,10.593432
490,31,168049,10.868678
491,35,168049,11.209429
491,34,168049,11.490963
491,71,168049,11.495857
492,47,168051,11.420168
492,45,168051,12.413932
492,379,168045,12.563577
493,35,168049,10.182756
493,46,168049,10.451135
493,34,168049,10.579008
494,46,168049,9.189089
494,34,168049,9.218093
494,31,168049,9.556463
495,367,168045,11.195887
495,378,168045,11.576270
495,46,168049,11.898314
496,46,168049,7.287098
496,45,168049,8.255353
496,47,168049,8.564369
497,367,168045,7.260685
497,378,168045,8.309564
497,365,168045,8.382311
498,373,168045,10.234494
498,355,168045,10.535697
498,354,168045,10.605028
499,373,168045,11.295252
499,389,168045,11.413997
499,388,168045,11.442496
500,46,168049,12.493629
500,389,168045,13.141447
500,35,168049,13.170629
501,388,168045,12.001472
501,387,168045,12.120089
501,373,168045,12.433657
502,389,168045,7.681246
502,388,168045,8.574294
502,387,168045,9.317035
503,389,168045,8.829350
503,388,168045,9.374451
503,375,168045,9.596698
504,353,168045,10.338434
504,344,168045,10.715945
504,375,168045,10.741648
505,361,168045,14.068275
505,360,168045,14.947608
505,358,168045,14.978531
506,361,168045,12.264389
506,360,168045,12.577220
506,330,168045,13.856542
507,360,168045,10.600356
507,361,168045,10.830865
507,358,168045,11.796515
508,330,168045,10.711703
508,326,168045,11.020590
508,328,168045,11.695643
509,326,168045,8.185838
509,330,168045,8.865871
509,309,168045,9.174111
510,287,168045,12.530329
510,285,168045,13.516372
510,286,168045,13.654149
511,287,168045,14.345172
511,299,168045,14.357871
511,298,168045,14.549410
512,287,168045,13.352382
512,286,168045,13.431715
512,285,168045,13.900828
513,287,168045,12.233333
513,285,168045,13.310449
513,298,168045,13.595151
514,286,168045,13.303366
514,285,168045,14.252487
514,287,168045,14.280783
515,286,168045,13.982392
515,287,168045,14.468766
515,285,168045,14.708548
516,287,168045,10.795105
516,286,168045,11.060850
516,285,168045,11.371492
517,287,168045,7.968566
517,285,168045,8.989081
517,286,168045,9.153214
518,287,168045,10.760683
518,286,168045,11.289173
518,285,168045,11.495602
519,287,168045,13.419119
519,300,168045,13.674441
519,285,168045,14.486105
520,287,168045,13.107086
520,286,168045,13.401632
520,285,168045,13.742521
521,286,168045,13.186945
521,401,168046,13.736722
521,402,168046,13.827430
522,366,168046,14.886684
522,402,168046,15.083934
522,401,168046,15.833465
523,402,168046,17.136054
523,380,168046,17.258122
523,401,168046,17.400294
524,401,168046,15.416542
524,402,168046,15.780905
524,400,168046,16.044486
525,402,168046,12.912948
525,401,168046,13.806826
525,400,168046,13.897344
526,401,168046,12.326319
526,400,168046,12.651593
526,397,168046,12.687695
527,397,168046,10.475961
527,401,168046,11.322682
527,396,168046,11.416787
528,397,168046,11.519009
528,396,168046,12.245096
528,400,168046,12.500547
529,397,168046,13.834240
529,35,168049,14.113480
529,396,168046,14.439553
530,397,168046,13.993802
530,400,168046,14.492137
530,396,168046,14.858376
531,46,168049,14.346229
531,35,168049,14.760536
531,58,168049,14.843271
532,400,168046,11.702900
532,384,168046,12.227849
532,396,168046,12.429148
533,396,168046,7.765153
533,397,168046,8.134464
533,393,168046,8.356834
534,397,168046,12.458215
534,396,168046,13.270296
534,402,168046,13.378180
535,402,168046,11.944668
535,401,168046,12.761224
535,397,168046,13.129468
536,402,168046,11.381142
536,397,168046,11.441004
536,396,168046,12.223832
537,397,168046,12.761387
537,395,168046,13.410086
537,393,168046,13.471648
538,397,168046,11.374470
538,395,168046,12.126458
538,400,168046,12.280737
539,395,168046,14.550028
539,401,168046,14.845934
539,402,168046,15.024218
540,397,168046,17.031628
540,402,168046,17.788621
540,396,168046,17.972688
541,393,168046,11.141278
541,397,168046,11.183357
541,396,168046,11.485936
542,397,168046,12.220207
542,395,168046,12.516831
542,392,168046,13.021460
543,397,168046,16.273561
543,393,168046,16.563037
543,396,168046,17.073048
544,397,168046,18.154848
544,396,168046,18.862739
544,393,168046,18.974581
545,393,168046,17.142829
545,392,168046,17.253521
545,397,168046,17.398720
546,397,168046,15.395451
546,396,168046,15.934592
546,393,168046,16.522894
547,3,168048,16.826649
547,4,168048,17.068367
547,2,168048,17.415062
548,4,168048,14.663312
548,2,168048,15.900000
548,10,168048,16.133653
549,4,168048,14.870240
549,2,168048,16.131709
549,10,168048,16.416111
550,4,168048,13.020583
550,2,168048,14.281061
550,10,168048,14.679354
551,4,168048,11.734262
551,10,168048,12.504955
551,2,168048,12.762166
552,4,168048,10.891526
552,20,168048,11.884700
552,2,168048,11.977844
553,4,168048,9.615382
553,20,168048,9.617731
553,3,168048,9.668101
554,20,168048,9.728534
554,19,168048,10.188033
554,4,168048,11.245981
555,66,168048,9.467882
555,95,168048,9.686750
555,73,168048,9.853811
556,41,168048,8.443090
556,4,168048,8.709275
556,40,168048,8.915803
557,4,168048,6.256415
557,19,168048,7.249272
557,2,168048,7.377125
558,4,168048,4.361948
558,19,168048,5.005787
558,2,168048,5.352223
559,4,168048,2.374216
559,3,168048,2.446384
559,2,168048,2.683411
560,4,168048,2.084114
560,2,168048,3.089520
560,3,168048,3.465107
561,3,168048,2.232300
561,2,168048,2.570123
561,4,168048,2.761900
562,4,168048,2.352974
562,3,168048,2.360313
562,2,168048,2.670945
563,4,168048,2.316120
563,2,168048,2.800906
563,3,168048,2.815621
564,3,168048,2.097494
564,4,168048,2.559069
564,2,168048,2.582823
565,4,168048,2.186617
565,3,168048,2.551809
565,2,168048,2.690713
566,3,168048,2.245368
566,4,168048,2.360661
566,2,168048,2.565824
567,3,168048,2.102361
567,4,168048,2.276065
567,2,168048,2.504885
568,19,168048,2.437516
568,3,168048,2.448358
568,2,168048,3.012503
569,3,168048,2.252759
569,19,168048,2.545779
569,2,168048,3.086675
570,3,168048,2.224525
570,19,168048,2.484414
570,20,168048,3.057985
571,3,168048,2.270545
571,19,168048,2.327886
571,20,168048,2.916459
572,19,168048,2.357304
572,3,168048,2.492490
572,20,168048,2.744992
573,3,168048,2.258796
573,19,168048,2.619183
573,20,168048,2.919087
574,3,168048,2.213333
574,4,168048,2.268813
574,2,168048,2.528812
575,4,168048,2.600160
575,18,168048,3.465838
575,2,168048,3.760996
576,3,168048,2.257437
576,2,168048,3.039316
576,4,168048,3.397244
577,4,168048,2.575127
577,2,168048,3.437742
577,3,168048,3.518932
578,4,168048,2.267130
578,2,168048,3.184172
578,11,168048,3.625562
579,11,168048,5.313654
579,7,168048,5.427538
579,13,168048,5.912616
580,7,168048,5.650052
580,11,168048,5.743434
580,3,168048,6.250019
581,3,168048,6.999753
581,8,168048,7.215214
581,7,168048,7.467138
582,6,168048,5.841806
582,7,168048,6.085751
582,5,168048,6.401643
583,6,168048,7.839955
583,8,168048,8.373457
583,10,168048,8.412742
584,6,168048,10.844942
584,10,168048,11.418993
584,8,168048,11.527874
585,41,168048,11.929819
585,40,168048,12.126866
585,6,168048,12.572239
586,40,168048,9.753824
586,38,168048,10.239907
586,26,168048,10.339170
587,40,168048,13.603157
587,41,168048,14.184013
587,26,168048,14.241649
588,26,168048,11.543524
588,53,168048,12.185306
588,38,168048,12.221293
589,26,168048,11.384769
589,6,168048,11.526528
589,40,168048,11.685369
590,15,168048,13.577763
590,14,168048,13.953753
590,33,168048,14.310420
591,14,168048,13.974540
591,24,168048,14.078322
591,15,168048,14.089363
592,33,168048,12.531198
592,55,168048,12.612529
592,26,168048,12.895553
593,53,168048,10.243150
593,55,168048,10.370916
593,54,168048,11.194088
594,26,168048,10.292214
594,33,168048,10.319604
594,53,168048,10.786720
595,33,168048,10.641487
595,34,168048,10.903453
595,53,168048,11.058469
596,35,168048,12.856350
596,33,168048,13.459957
596,34,168048,13.675827
597,35,168048,12.513217
597,53,168048,12.784785
597,46,168048,12.811108
598,46,168048,9.659898
598,45,168048,10.517999
598,58,168048,10.557951
599,71,168048,8.620487
599,60,168048,9.302398
599,70,168048,9.339979
600,69,168048,8.745481
600,58,168048,9.175149
600,60,168048,9.414615
601,46,168048,10.161610
601,59,168048,10.354333
601,58,168048,10.423841
602,69,168048,13.893740
602,71,168048,13.944780
602,58,168048,14.292909
603,87,168048,12.675343
603,69,168048,13.332593
603,46,168048,13.434235
604,87,168048,11.798808
604,69,168048,11.844202
604,60,168048,12.396180
605,59,168048,11.936028
605,58,168048,12.243948
605,47,168048,12.457186
606,59,168048,11.218113
606,47,168048,11.450644
606,58,168048,11.489052
607,58,168048,9.438798
607,47,168048,9.902912
607,60,168048,9.962721
608,47,168048,7.209381
608,46,168048,7.648382
608,45,168048,7.882506
609,47,168048,10.265420
609,79,168048,11.315448
609,58,168048,11.339056
610,60,168048,8.386436
610,59,168048,8.453828
610,47,168048,8.686610
611,69,168048,6.657677
611,76,168048,6.890681
611,59,168048,7.059202
612,87,168048,7.954850
612,69,168048,8.316786
612,85,168048,8.660587
613,87,168048,8.667997
613,69,168048,9.078053
613,90,168048,9.373336
614,60,168048,8.524883
614,59,168048,9.251704
614,58,168048,9.847895
615,87,168048,7.607484
615,90,168048,7.908609
615,79,168048,8.238372
616,90,168048,9.395649
616,87,168048,9.553754
616,76,168048,9.800082
617,60,168048,6.113521
617,79,168048,6.134123
617,59,168048,6.550217
618,46,168048,7.102159
618,45,168048,8.026069
618,47,168048,8.085122
619,46,168048,5.797904
619,45,168048,7.069510
619,50,168048,7.128548
620,46,168048,5.489815
620,45,168048,6.537055
620,50,168048,7.085444
621,18,168048,9.423147
621,13,168048,9.605585
621,3,168048,9.698634
622,402,168043,11.603339
622,3,168048,11.697308
622,20,168048,11.782100
623,399,168043,5.773255
623,397,168043,6.280803
623,396,168043,6.450061
624,399,168043,9.920046
624,396,168043,10.571749
624,397,168043,10.638728
625,399,168043,6.787481
625,400,168043,7.496039
625,398,168043,7.651614
626,397,168043,11.776045
626,396,168043,11.912482
626,399,168043,12.022942
627,397,168043,12.415318
627,399,168043,12.756778
627,396,168043,12.983946
628,397,168043,8.222565
628,399,168043,8.450874
628,396,168043,8.766745
629,397,168043,7.494247
629,396,168043,8.389635
629,399,168043,8.622859
630,397,168043,10.654660
630,396,168043,11.100130
630,399,168043,11.395419
631,397,168043,9.451524
631,399,168043,10.023760
631,396,168043,10.098253
632,397,168043,3.689476
632,396,168043,4.616110
632,395,168043,5.086135
633,397,168043,4.762575
633,396,168043,4.867481
633,399,168043,4.890478
634,396,168043,7.009221
634,399,168043,7.070993
634,397,168043,7.158581
635,396,168043,4.951655
635,397,168043,5.000036
635,399,168043,5.472057
636,393,168043,5.708154
636,391,168043,5.798419
636,397,168043,6.220437
637,393,168043,5.077624
637,392,168043,5.801070
637,396,168043,6.933635
638,393,168043,5.753731
638,397,168043,6.375691
638,392,168043,6.469701
639,397,168043,3.985632
639,396,168043,4.106965
639,399,168043,4.858922
640,396,168043,4.514207
640,391,168043,4.684726
640,397,168043,4.874799
641,396,168043,7.211269
641,397,168043,7.300848
641,399,168043,7.510176
642,396,168043,10.200331
642,397,168043,10.260190
642,399,168043,10.432888
643,397,168043,11.789267
643,47,168048,12.029011
643,396,168043,12.498700
644,399,168043,11.236906
644,396,168043,11.501601
644,397,168043,11.604353
645,397,168043,8.141248
645,396,168043,8.938966
645,399,168043,9.512268
646,397,168043,6.872637
646,393,168043,7.271126
646,396,168043,7.402275
647,393,168043,6.844123
647,392,168043,7.146193
647,395,168043,8.492933
648,396,168043,7.398763
648,397,168043,7.653445
648,395,168043,8.181884
649,397,168043,8.758655
649,396,168043,9.565998
649,392,168043,10.005077
650,396,168043,10.033193
650,399,168043,10.264542
650,397,168043,10.324996
651,391,168043,11.514226
651,393,168043,11.794779
651,396,168043,11.883400
652,46,168048,11.341126
652,45,168048,12.438205
652,388,168043,12.526861
653,391,168043,13.596877
653,384,168043,13.648016
653,46,168048,13.889625
654,6,168047,15.512820
654,8,168047,15.861125
654,7,168047,16.045019
655,46,168048,12.763959
655,47,168048,13.368635
655,45,168048,13.547551
656,20,168048,14.309388
656,46,168048,14.677972
656,18,168048,14.746981
657,26,168047,15.430406
657,6,168047,15.458587
657,16,168047,15.559081
658,6,168047,15.472147
658,7,168047,16.160593
658,46,168048,16.296162
659,7,168047,13.614762
659,6,168047,13.644544
659,5,168047,14.247791
660,7,168047,11.963796
660,6,168047,12.229346
660,8,168047,12.425250
661,397,168046,20.336873
661,396,168046,21.050947
661,46,168048,21.199299
662,7,168047,14.051953
662,8,168047,14.586707
662,6,168047,14.635413
663,397,168046,18.525403
663,396,168046,18.992993
663,399,168046,19.376160
664,397,168046,19.233368
664,396,168046,19.294342
664,399,168046,19.373857
665,397,168046,19.621427
665,396,168046,19.638039
665,399,168046,20.191125
666,397,168046,15.218940
666,396,168046,15.812030
666,392,168046,16.910737
667,397,168046,13.569267
667,400,168046,13.824341
667,399,168046,14.038450
668,397,168046,12.491335
668,399,168046,12.983316
668,396,168046,13.191836
669,393,168046,14.795704
669,397,168046,15.474365
669,395,168046,15.557985
670,400,168046,12.300997
670,395,168046,12.445754
670,397,168046,13.191137
671,400,168046,12.965894
671,395,168046,13.466616
671,399,168046,13.572402
672,399,168046,9.509123
672,402,168046,9.934932
672,400,168046,10.227752
673,399,168046,10.053719
673,402,168046,10.190566
673,400,168046,10.401202
674,397,168046,13.430235
674,399,168046,13.532160
674,396,168046,13.630991
675,399,168046,13.479818
675,398,168046,14.559550
675,402,168046,14.575458
676,399,168046,14.132176
676,397,168046,14.233921
676,400,168046,14.567151
677,397,168046,14.921023
677,399,168046,15.428719
677,396,168046,15.576052
678,397,168046,16.432852
678,400,168046,17.133281
678,399,168046,17.388966
679,397,168046,16.685243
679,400,168046,16.754693
679,395,168046,16.801738
680,399,168046,17.840581
680,397,168046,18.000886
680,396,168046,18.122735
681,397,168046,15.731622
681,400,168046,15.801525
681,395,168046,15.804844
682,397,168046,14.989670
682,396,168046,15.787451
682,399,168046,16.293541
683,397,168046,18.524722
683,396,168046,19.315610
683,399,168046,19.463699
684,397,168046,16.333631
684,399,168046,17.055290
684,396,168046,17.085894
685,402,168046,14.440076
685,401,168046,15.265260
685,399,168046,15.314320
686,400,168046,16.024674
686,399,168046,16.288979
686,401,168046,16.648936
687,399,168046,14.857230
687,400,168046,14.922804
687,398,168046,15.515684
688,399,168046,17.536213
688,400,168046,17.839222
688,398,168046,18.151910
689,400,168046,18.788058
689,399,168046,19.027068
689,398,168046,19.491498
690,399,168046,20.778609
690,400,168046,20.804210
690,401,168046,21.072807
691,399,168046,19.090703
691,366,168043,19.562150
691,403,168052,19.679263
692,403,168052,13.480456
692,396,168046,15.937812
692,399,168046,16.018602
693,403,168052,13.019262
693,397,168046,17.307559
693,366,168043,17.383628
694,403,168052,15.706441
694,397,168046,16.602245
694,399,168046,17.036698
695,397,168046,14.273551
695,399,168046,14.818868
695,396,168046,15.097026
696,397,168046,17.693709
696,396,168046,17.913346
696,399,168046,18.000310
697,366,168043,19.876724
697,396,168046,20.353505
697,397,168046,20.360210
698,403,168052,14.034699
698,397,168046,19.990332
698,396,168046,20.243071
699,403,168052,15.211424
699,399,168046,20.672651
699,396,168046,20.720664
700,403,168052,18.058075
700,399,168046,20.223083
700,402,168046,20.488214
701,403,168052,15.917523
701,402,168046,18.411460
701,401,168046,19.009912
702,366,168043,13.209397
702,365,168043,14.310973
702,403,168052,14.366175
703,403,168052,13.880333
703,366,168043,16.291449
703,370,168043,17.263494
704,370,168043,14.499839
704,366,168043,15.046063
704,400,168043,15.281582
705,403,168052,10.622850
705,397,168046,18.872824
705,402,168043,19.157937
706,397,168046,16.188105
706,393,168046,16.841427
706,396,168046,17.056588
707,403,168052,12.809913
707,402,168046,17.279241
707,397,168046,17.423028
708,366,168043,15.332585
708,367,168043,15.783809
708,365,168043,16.050052
709,399,168046,17.775013
709,367,168043,17.915506
709,400,168046,17.985288
710,367,168043,19.160654
710,366,168043,19.404375
710,365,168043,19.844003
711,399,168046,12.564877
711,397,168046,13.328846
711,396,168046,13.435550
712,366,168043,13.281666
712,399,168046,13.408841
712,367,168043,13.566841
713,399,168046,11.482911
713,367,168043,11.488601
713,366,168043,11.838186
714,351,168043,11.521391
714,350,168043,11.525877
714,354,168043,11.658084
715,400,168046,11.757854
715,395,168046,11.904092
715,399,168046,12.206333
716,397,168046,9.812382
716,396,168046,10.346338
716,399,168046,11.240544
717,351,168043,14.226680
717,393,168046,14.525460
717,396,168046,14.632170
718,338,168043,7.741290
718,351,168043,8.100138
718,326,168043,8.317384
719,338,168043,8.468437
719,326,168043,8.646933
719,337,168043,9.469322
720,326,168043,8.195362
720,340,168043,8.591493
720,338,168043,8.737868
721,340,168043,10.470610
721,326,168043,10.492210
721,338,168043,10.682870
722,326,168043,8.229313
722,338,168043,9.149499
722,325,168043,9.155910
723,327,168043,6.831896
723,326,168043,7.020694
723,325,168043,7.399614
724,326,168043,12.910531
724,325,168043,13.840985
724,327,168043,13.904080
725,387,168046,15.403573
725,388,168046,15.640597
725,380,168046,15.752304
726,395,168046,13.111212
726,387,168046,13.120378
726,389,168046,13.907394
727,395,168046,13.303114
727,400,168046,13.414287
727,397,168046,13.522656
728,397,168046,12.675968
728,399,168046,12.727158
728,400,168046,12.895506
729,400,168046,9.128460
729,398,168046,10.003833
729,399,168046,10.059122
730,367,168046,7.036482
730,380,168046,7.227397
730,379,168046,7.333115
731,402,168046,10.080160
731,401,168046,11.000146
731,400,168046,11.607499
732,402,168046,14.292443
732,401,168046,14.748621
732,380,168046,15.055685
733,326,168043,15.993863
733,367,168046,16.309327
733,379,168046,16.523302
734,380,168046,17.610228
734,327,168043,17.692948
734,367,168046,17.990527
735,402,168046,16.492118
735,380,168046,16.823774
735,326,168043,16.843014
736,402,168046,16.102734
736,401,168046,16.449662
736,395,168046,17.718872
737,380,168046,17.068646
737,387,168046,17.269508
737,395,168046,17.442314
738,402,168046,18.962993
738,327,168043,19.126329
738,380,168046,19.128506
739,380,168046,17.875169
739,379,168046,18.166702
739,402,168046,18.305258
740,401,168046,17.818081
740,402,168046,17.894518
740,399,168046,18.887778
741,401,168046,19.823521
741,402,168046,20.228789
741,400,168046,20.464779
742,401,168046,17.012782
742,402,168046,17.379913
742,396,168046,17.654713
743,402,168046,17.410077
743,401,168046,17.911256
743,380,168046,18.625377
744,403,168047,12.234637
744,327,168043,14.586529
744,402,168046,14.817539
745,327,168043,15.609968
745,326,168043,15.805530
745,380,168046,15.975387
746,327,168043,13.087385
746,326,168043,13.562673
746,325,168043,13.806036
747,327,168043,6.666854
747,340,168043,7.242353
747,339,168043,7.493458
748,327,168043,6.849761
748,326,168043,7.368929
748,325,168043,7.506645
749,361,168043,9.711494
749,358,168043,10.011684
749,360,168043,10.270601
750,327,168043,8.686844
750,325,168043,9.836241
750,326,168043,10.359620
