0,313,168052,14.6429160410143
0,333,168052,14.7653043689759
0,279,168052,14.9084432455736
1,313,168052,14.536912133108
1,333,168052,14.6253061781719
1,350,168052,14.8342594858293
2,313,168052,14.7248395998234
2,333,168052,14.7421756255339
2,350,168052,14.9864793702893
3,313,168052,14.4016325024946
3,333,168052,14.4388334882614
3,350,168052,14.5927941392543
4,333,168052,14.3820939230698
4,350,168052,14.5287286586613
4,313,168052,14.6160183421173
5,333,168052,14.4894522866751
5,313,168052,14.6176834139677
5,350,168052,14.6528787007001
6,313,168052,14.5998687722785
6,279,168052,14.640393378785
6,333,168052,14.7004882192157
7,350,168052,14.321569184113
7,333,168052,14.3883789203454
7,351,168052,14.4664845046786
8,333,168052,14.0941328252014
8,313,168052,14.1234491762362
8,350,168052,14.4248767898473
9,351,168052,13.2337360963604
9,350,168052,13.9535425691155
9,313,168052,14.1353219332989
10,351,168052,13.6047173957948
10,350,168052,14.0783649469162
10,313,168052,14.1659399697263
11,351,168052,14.0988846153127
11,313,168052,14.4238069463387
11,350,168052,14.4569105514156
12,351,168052,13.9260384222422
12,333,168052,14.3958578317857
12,278,168052,14.4676994209729
13,351,168052,12.996725265078
13,350,168052,13.585560425571
13,333,168052,14.1014781336981
14,351,168052,13.4284501242228
14,333,168052,14.0624810025658
14,350,168052,14.073617896943
15,351,168052,13.4118496999131
15,333,168052,13.7681222196783
15,313,168052,13.8123626079424
16,278,168052,11.8639492580269
16,313,168052,12.0357896586782
16,279,168052,12.2872471940892
17,278,168052,11.6935273438215
17,281,168052,12.0045563215326
17,280,168052,12.3312064062971
18,278,168052,11.7316169864344
18,280,168052,12.1451300928876
18,281,168052,12.2662441738122
19,278,168052,9.6738486126669
19,281,168052,9.80003146215675
19,279,168052,10.2794598421489
20,350,168052,13.6746425848004
20,351,168052,13.7957214392574
20,335,168052,13.8156070547741
21,280,168052,13.7695165319328
21,281,168052,13.8237814522461
21,246,168052,14.0967878472367
22,278,168052,10.2118956873133
22,280,168052,10.3892147852688
22,246,168052,10.4884777584193
23,111,168050,10.8677036344231
23,246,168052,11.533237314104
23,110,168050,11.5339549029231
24,111,168050,10.2548628176413
24,110,168050,11.04584886746
24,115,168050,11.5645818148074
25,110,168050,10.209471488658
25,111,168050,10.3259197543637
25,109,168050,11.4350630144057
26,111,168050,8.92014780642202
26,110,168050,9.6635068595324
26,114,168050,10.5369456104709
27,281,168052,10.2586933003102
27,280,168052,10.344844368052
27,127,168050,10.9092883415258
28,247,168052,10.3439931395272
28,281,168052,10.4611040034108
28,280,168052,10.791533300797
29,281,168052,10.3825462948493
29,115,168050,10.8128011434238
29,280,168052,10.9194191823875
30,287,168052,10.699490190354
30,290,168052,11.0264722050983
30,281,168052,11.4860119414895
31,111,168050,10.5000157675659
31,110,168050,10.9098153065553
31,287,168052,11.5606043368575
32,287,168052,6.21210627087991
32,269,168052,6.34474703730401
32,260,168052,6.85005145560536
33,275,168052,5.44274793459832
33,269,168052,5.74758074902404
33,276,168052,5.91149427349182
34,290,168052,3.74094680027771
34,287,168052,3.74801412573719
34,285,168052,4.5145540431525
35,290,168052,3.44312544458155
35,287,168052,4.07018899969567
35,280,168052,4.10237864347046
36,281,168052,4.04075493018559
36,280,168052,4.32125727446928
36,287,168052,4.62957406326332
37,281,168052,4.4672914656956
37,280,168052,4.93644380801296
37,260,168052,5.97420089341115
38,280,168052,2.32643511438038
38,281,168052,2.77375146893261
38,288,168052,3.3034770132117
39,280,168052,2.73328333068222
39,281,168052,2.9944383548451
39,288,168052,3.64555663777906
40,280,168052,2.48307020442489
40,281,168052,3.16207205250649
40,279,168052,3.28267634397821
41,280,168052,2.46479868420855
41,281,168052,3.11171590500147
41,279,168052,3.177848485253
42,280,168052,2.33667407617256
42,281,168052,2.92956286837587
42,276,168052,3.32714964946854
43,280,168052,2.59023368034796
43,281,168052,2.98879187215548
43,279,168052,3.52665910701407
44,280,168052,2.51510853971326
44,281,168052,3.14359076115906
44,288,168052,3.49951969327889
45,313,168052,4.48046848427905
45,310,168052,4.82740073624796
45,304,168052,5.03885243045003
46,313,168052,3.50421580780835
46,310,168052,4.35713229725102
46,304,168052,4.53004829938722
47,333,168052,3.7141727228169
47,313,168052,4.17760693785263
47,335,168052,4.30524263054795
48,333,168052,5.18793018795299
48,335,168052,5.61349601557089
48,351,168052,5.67463461985748
49,333,168052,4.86634324921172
49,351,168052,4.9447467341078
49,350,168052,5.03196500375754
50,333,168052,3.24795648293471
50,335,168052,3.46535358215704
50,302,168052,4.01107101470701
51,335,168052,3.60453788623571
51,334,168052,4.42481791083464
51,319,168052,4.67653408457374
52,333,168052,4.47846904934343
52,335,168052,4.50671713220933
52,334,168052,5.04123309352748
53,335,168052,4.47922541215168
53,334,168052,4.75812277709394
53,319,168052,4.88913862455222
54,319,168052,5.35489277611022
54,318,168052,5.6862350058412
54,317,168052,6.06357203932839
55,355,168052,5.96863289276475
55,350,168052,6.57743700310352
55,354,168052,6.64189419175147
56,127,168050,6.78781421201488
56,140,168050,7.28918494235572
56,355,168052,7.66988782679705
57,139,168050,6.1420634318877
57,138,168050,6.3544175679469
57,140,168050,6.52583919886985
58,140,168050,5.46226937358461
58,139,168050,5.97069371598209
58,161,168050,6.67964761563695
59,161,168050,8.09641797416058
59,160,168050,8.41131548791438
59,140,168050,8.7405281493806
60,161,168050,6.33329475343341
60,160,168050,7.20138968273672
60,140,168050,7.33892199809657
61,140,168050,9.49678704465605
61,166,168050,9.60650032404294
61,139,168050,9.88574385284155
62,161,168050,12.176597688282
62,160,168050,12.4339495444099
62,170,168050,12.4536825021494
63,318,168052,11.8604793162691
63,319,168052,11.9595828070243
63,317,168052,12.5383093712299
64,198,168050,12.0160004114155
64,318,168052,12.0474419257839
64,170,168050,12.4782253304122
65,281,168052,11.0360157545914
65,280,168052,11.4553034733095
65,287,168052,11.7788378108718
66,287,168052,12.5721210066319
66,290,168052,13.1184168350653
66,318,168052,13.5248962336193
67,166,168050,13.4738195454907
67,170,168050,13.9648310889027
67,161,168050,14.2273422874567
68,166,168050,11.8342716248645
68,170,168050,12.6601100905308
68,165,168050,12.9384411638618
69,166,168050,13.8682958297327
69,170,168050,14.0864145463177
69,198,168050,14.5035049245663
70,166,168050,17.6840165593439
70,170,168050,18.1369110688599
70,140,168050,18.3386078319051
71,140,168050,18.7416321338287
71,127,168050,19.0659891851032
71,166,168050,19.0750265985855
72,166,168050,16.1023810421513
72,170,168050,17.1400350633341
72,165,168050,17.357650949339
73,166,168050,16.3057966731636
73,165,168050,17.3955950793595
73,167,168050,17.5966142101051
74,140,168050,15.8458504472779
74,402,168046,16.1664108980295
74,401,168046,16.1843139995945
75,161,168050,18.924255915219
75,170,168050,19.0576251676539
75,287,168052,19.2277432097799
76,166,168050,14.5048480264415
76,165,168050,15.6845017624821
76,161,168050,15.9422617765265
77,287,168052,16.55296630543
77,166,168050,17.6273121400687
77,285,168052,17.7447468232774
78,287,168052,15.497466312109
78,366,168046,15.9941173847854
78,380,168046,16.1526641988073
79,166,168050,12.1750184229486
79,165,168050,13.3042862388392
79,170,168050,13.485161817519
80,395,168046,17.000785885585
80,387,168046,17.1404138765593
80,392,168046,17.6433246350924
81,400,168046,14.4585714813519
81,395,168046,15.0673330248574
81,399,168046,15.4475010197183
82,287,168052,14.2959333299217
82,285,168052,15.5484970672004
82,397,168046,15.8491841444347
83,402,168046,13.6360008450685
83,401,168046,13.8847482748608
83,397,168046,14.3012895487958
84,399,168046,13.615064562491
84,400,168046,13.801857334794
84,401,168046,14.1231181344891
85,399,168046,13.7969292396147
85,402,168046,13.9806629826586
85,401,168046,14.0875004349369
86,402,168046,12.8380773948045
86,400,168046,13.4473872246092
86,401,168046,13.6629161227063
87,399,168046,10.0954505539646
87,402,168046,10.4532126768324
87,401,168046,10.6715408404574
88,393,168046,8.32770245838962
88,395,168046,8.54511084011141
88,387,168046,8.55918902891917
89,395,168046,5.83961543256548
89,393,168046,6.31996349677503
89,400,168046,6.37610397531665
90,395,168046,4.64170879927093
90,387,168046,5.00397615688882
90,393,168046,5.1288544714484
91,380,168046,8.16705345248742
91,379,168046,8.35828336553685
91,387,168046,9.13461159962779
92,401,168046,4.98951052742348
92,400,168046,5.19038332649789
92,402,168046,5.60154722747391
93,366,168046,7.1333062063725
93,400,168046,7.55465353047037
93,401,168046,7.66437554122888
94,366,168046,7.37313679400659
94,367,168046,7.39307042933121
94,365,168046,7.81379300574116
95,366,168046,6.24845548304484
95,367,168046,6.6410799209394
95,365,168046,6.81378331222084
96,400,168046,6.46822008322725
96,401,168046,6.85215565609292
96,398,168046,7.22543091867366
97,402,168046,7.0015154261256
97,401,168046,7.0255127049964
97,400,168046,7.0396494933744
98,400,168046,11.6384933420614
98,401,168046,12.4283124442809
98,398,168046,12.5064769947641
99,399,168046,10.5354159395558
99,401,168046,10.8086479834644
99,400,168046,10.966276391492
100,399,168046,9.15769423558796
100,402,168046,9.71975797881159
100,401,168046,10.0336554705156
101,402,168046,9.80472985003244
101,399,168046,10.5639931716163
101,401,168046,10.6194313531809
102,399,168046,10.9328305831566
102,401,168046,11.3252717527705
102,398,168046,11.6516631750753
103,400,168046,11.6751535164289
103,402,168046,12.2412309468118
103,401,168046,12.3664224142741
104,400,168046,14.2269384117269
104,399,168046,14.3009831026866
104,398,168046,14.8690658508797
105,399,168046,12.3727908043232
105,400,168046,12.4020043815143
105,397,168046,12.8776227379754
106,402,168046,13.3907651850007
106,401,168046,13.5083662748238
106,399,168046,13.6418759428986
107,402,168046,12.9964809516412
107,400,168046,13.7144052581319
107,401,168046,13.9620436586991
108,403,168044,10.5400625582235
108,400,168046,13.2059337039056
108,380,168046,13.4287054189065
109,403,168044,14.2794738166816
109,400,168046,15.5879744159415
109,380,168046,15.7116918262402
110,399,168046,13.4826715483123
110,400,168046,14.0972190612879
110,398,168046,14.333836703461
111,399,168046,14.3818992684257
111,401,168046,14.5051847942157
111,402,168046,14.5341253330198
112,402,168046,15.3803380015612
112,401,168046,15.7014785644538
112,399,168046,15.7953693368849
113,397,168046,17.3112754845705
113,384,168046,17.6246118818298
113,399,168046,17.636308113746
114,399,168046,20.6008427110598
114,401,168046,20.8277458859421
114,397,168046,21.1876229379213
115,321,168052,21.3378751135583
115,399,168046,21.6582983707247
115,401,168046,22.0022355247125
116,375,168052,21.0070587546087
116,393,168052,21.1099322121742
116,387,168052,21.2868133108948
117,287,168052,17.9725246523318
117,300,168052,18.6611274400741
117,285,168052,19.0863889641748
118,18,168049,17.3860226248161
118,29,168049,17.6541438372952
118,4,168049,17.741609555688
119,403,168044,12.6644637840375
119,4,168049,14.7451256946675
119,20,168049,15.4280795728367
120,403,168044,8.58355517934554
120,4,168049,12.5214378060495
120,18,168049,13.6556115253425
121,403,168044,5.70344778642985
121,4,168049,12.6670371272627
121,3,168049,13.1304196763344
122,403,168044,6.97131766871798
122,3,168049,11.7384751635079
122,2,168049,12.9494122027722
123,403,168044,7.88699587913536
123,3,168049,10.789782569669
123,2,168049,11.8692106439512
124,4,168049,9.51177780888093
124,2,168049,10.4705737402081
124,3,168049,10.4752297608958
125,403,168044,9.02029417500735
125,4,168049,12.2120174779963
125,2,168049,13.2455199087003
126,403,168044,8.0851620636746
126,111,168043,11.0471956522061
126,110,168043,11.1635871334924
127,403,168044,6.35361152560872
127,111,168043,10.985132576868
127,95,168043,11.1152973273105
128,73,168043,9.35502781981172
128,66,168043,9.53675978576556
128,95,168043,9.58168264343517
129,66,168043,7.17154248367006
129,79,168043,7.68634925880185
129,78,168043,8.10543903306139
130,73,168043,8.24612346820435
130,71,168043,8.46428660046233
130,75,168043,8.76952784912167
131,74,168043,9.05527360772616
131,93,168043,9.399900913485
131,73,168043,9.55823777831406
132,75,168043,9.09620792007765
132,74,168043,9.48021444782855
132,93,168043,9.53627536154526
133,7,168049,8.42683256776665
133,11,168049,8.99524357636788
133,8,168049,9.00170815021976
134,3,168049,7.67684925995349
134,7,168049,8.39065167388464
134,11,168049,8.42354164926762
135,4,168049,7.00891354722534
135,3,168049,7.21547579758644
135,2,168049,7.3814393818637
136,4,168049,6.60909161692847
136,10,168049,6.61883649394152
136,11,168049,6.63656882875012
137,4,168049,6.31606984362803
137,10,168049,6.39229187366752
137,11,168049,6.63111359217779
138,7,168049,5.05736914655273
138,8,168049,5.18424940248274
138,5,168049,6.28574513153391
139,4,168049,4.87408199208073
139,2,168049,6.00515183456444
139,10,168049,6.44786884932424
140,11,168049,5.44339413438191
140,7,168049,5.6976012248064
140,3,168049,6.07275867889284
141,4,168049,8.71018098658107
141,11,168049,9.22825617000591
141,2,168049,9.24488722556634
142,7,168049,5.65291012531936
142,8,168049,6.00963417625244
142,6,168049,6.37566150501145
143,8,168049,6.07378259853054
143,7,168049,6.5699845241789
143,11,168049,7.01270636506187
144,8,168049,6.42073270520928
144,7,168049,7.03124140607754
144,6,168049,7.68919554103098
145,8,168049,9.55347889853442
145,7,168049,9.61394239604406
145,5,168049,10.9765645810715
146,7,168049,7.90643013621262
146,8,168049,8.32327110224502
146,6,168049,9.1831995756816
147,6,168043,17.9181488904231
147,7,168043,18.1242419601845
147,10,168043,18.3312908137751
148,7,168049,10.6440224423999
148,8,168049,10.9158303126211
148,11,168049,11.3372816698015
149,6,168043,19.026453046622
149,10,168043,19.1547265102343
149,4,168043,19.5822245438741
150,4,168043,22.162450381333
150,10,168043,23.16176751102
150,2,168043,23.4484687397241
151,10,168043,25.4007082532141
151,4,168043,25.4800429839091
151,6,168043,25.6390235139654
152,6,168043,25.3104405267104
152,7,168043,25.4751390760388
152,8,168043,25.5297847386956
153,4,168043,23.6658947106486
153,2,168043,24.7422747429176
153,10,168043,25.1294515652514
154,4,168043,25.2281264368599
154,2,168043,26.4514922919697
154,3,168043,26.8901155370283
155,393,168052,26.1894557739003
155,388,168052,26.6349834214504
155,389,168052,26.7724802163964
156,4,168049,13.6868858026788
156,8,168049,14.0110698776021
156,10,168049,14.0266563934018
157,4,168049,12.5555128746856
157,2,168049,13.0925741366494
157,10,168049,13.4038442102594
158,4,168049,18.6828708527202
158,8,168049,18.7393876533106
158,10,168049,18.8423834583758
159,4,168049,17.1707076153358
159,10,168049,18.1540023051711
159,2,168049,18.3325674552366
160,4,168049,20.294122835458
160,393,168052,20.3784334427904
160,391,168052,20.509528359129
161,391,168052,17.8180458430611
161,393,168052,17.9403466628256
161,397,168052,17.9766703070455
162,393,168052,16.8929514397382
162,397,168052,17.3719081334449
162,392,168052,17.5120683068911
163,397,168052,16.4277823156276
163,396,168052,16.8966334791831
163,393,168052,16.963567771198
164,396,168052,17.083691901492
164,397,168052,17.1581872437736
164,399,168052,17.6357598102774
165,392,168052,17.7760898778148
165,391,168052,18.0651481315942
165,397,168052,18.2595101611546
166,4,168043,20.9001523096054
166,287,168052,20.9170506776192
166,388,168052,21.9283936605908
167,4,168043,17.9795229550387
167,2,168043,18.8891237944832
167,3,168043,19.0510725864845
168,4,168043,16.5682713975828
168,2,168043,17.7630599172489
168,3,168043,18.1232076525374
169,4,168043,21.5839970067386
169,4,168049,22.2485530188593
169,2,168043,22.5703249067766
170,115,168043,22.1645081115873
170,113,168043,22.5622107467826
170,110,168043,22.6528841147194
171,110,168043,21.3033347090571
171,111,168043,21.405603007521
171,95,168043,21.6145063240176
172,127,168043,18.8966675179935
172,125,168043,20.0878505913466
172,138,168043,20.4642591318875
173,111,168043,18.176095257303
173,114,168043,18.6777864315355
173,110,168043,18.6936601124971
174,111,168043,17.3670744837685
174,110,168043,17.772018142105
174,114,168043,18.3887536008594
175,115,168043,18.2002964092085
175,114,168043,18.933097216196
175,113,168043,19.4963221857454
176,389,168052,19.784743740751
176,110,168043,20.1384040473781
176,113,168043,20.2275047236725
177,393,168052,19.3594223931716
177,392,168052,19.7845779099962
177,389,168052,20.4911134123999
178,393,168052,19.5995870686543
178,392,168052,20.2476080937847
178,388,168052,20.7766417572695
179,393,168052,17.6246142798638
179,392,168052,18.533853927234
179,391,168052,18.8295472069402
180,114,168043,19.8291625614692
180,110,168043,20.1016398351598
180,113,168043,20.128159337755
181,114,168043,20.969292300087
181,115,168043,21.4903812686452
181,133,168043,21.5895576934971
182,393,168052,18.3559944467766
182,392,168052,19.0287407816531
182,389,168052,20.0023437675225
183,393,168052,19.338295639837
183,392,168052,19.9661269982821
183,388,168052,21.0349834316169
184,127,168043,21.1057380389535
184,115,168043,21.3032014927548
184,113,168043,21.5710465854868
185,393,168052,20.8849759850293
185,113,168043,21.3605348726213
185,127,168043,21.5653634149316
186,114,168043,18.0121542241503
186,110,168043,18.0380864604678
186,111,168043,18.1891761064311
187,126,168043,17.1481511908272
187,138,168043,17.2151663710433
187,151,168043,17.216778071187
188,126,168043,17.8868157632551
188,138,168043,18.7057231065715
188,114,168043,18.9731623962732
189,138,168043,15.5764714379348
189,151,168043,15.7254284172436
189,133,168043,15.8474469076772
190,133,168043,16.2006336342724
190,135,168043,16.4058642065956
190,151,168043,16.4467296786689
191,115,168043,13.4076045098068
191,114,168043,14.2826363699567
191,133,168043,14.336994891213
192,126,168043,13.7579961806913
192,114,168043,14.2975063526414
192,115,168043,14.5430696875185
193,115,168043,13.5082084677425
193,114,168043,14.2596069893759
193,111,168043,14.4159463577321
194,114,168043,14.4731139922375
194,127,168043,14.4837513786346
194,115,168043,14.6028353161751
195,111,168043,15.3517705596632
195,110,168043,15.7305145877153
195,127,168043,15.7599574129997
196,111,168043,15.635181500883
196,115,168043,15.7185540724075
196,127,168043,15.7828721659405
197,111,168043,13.8426222506535
197,110,168043,14.0653096306039
197,114,168043,14.9894335826197
198,115,168043,15.8470546977137
198,127,168043,15.8682431590115
198,114,168043,16.3212019569802
199,403,168051,16.6539880518124
199,4,168049,17.1203628713742
199,3,168049,17.4108528537503
200,115,168043,16.0673728508261
200,127,168043,16.6693232516329
200,114,168043,16.8656333945243
201,95,168043,16.5410115116868
201,127,168043,16.629702484468
201,110,168043,16.6438078513111
202,111,168043,11.8716248101683
202,114,168043,12.255838554171
202,110,168043,12.2942931105347
203,114,168043,12.9834905325799
203,115,168043,13.0639000337185
203,110,168043,13.2655541440505
204,111,168043,13.5287779455211
204,110,168043,13.905002768017
204,114,168043,14.629072682695
205,110,168043,13.2728117556853
205,111,168043,13.3704635768072
205,114,168043,14.081858297743
206,111,168043,12.6028801628318
206,110,168043,13.1901671127487
206,94,168043,14.1387431537597
207,111,168043,16.2133174937223
207,110,168043,16.5703447737637
207,114,168043,17.6035061136817
208,207,168051,16.3878858073901
208,111,168043,17.0845605618033
208,238,168051,17.0890702275214
209,207,168051,16.5717666920492
209,205,168051,17.5803500410655
209,206,168051,17.6417039314008
210,207,168051,12.7785615569123
210,205,168051,13.9563424902209
210,115,168043,14.2967734410956
211,127,168043,13.1454042830011
211,278,168051,13.6223259991856
211,111,168043,13.8196278348064
212,207,168051,10.9316816447281
212,206,168051,11.5706349898048
212,205,168051,11.6366504525912
213,239,168051,8.6036290850113
213,238,168051,8.93472900968176
213,237,168051,9.20228365561391
214,240,168051,4.99923377107503
214,241,168051,5.23383946462517
214,239,168051,5.40449741422126
215,238,168051,6.52608651179651
215,239,168051,7.02297537394582
215,241,168051,7.08577749148864
216,273,168051,8.39925571806521
216,266,168051,9.16392369794508
216,264,168051,9.28303920909662
217,273,168051,9.42187560486894
217,239,168051,9.70995061419379
217,238,168051,9.90030524618472
218,238,168051,9.04358198808237
218,239,168051,9.43659520042809
218,237,168051,9.80959745671093
219,295,168051,10.4871173091517
219,293,168051,10.5091478514767
219,238,168051,10.9506858048416
220,241,168051,10.3952385836857
220,266,168051,10.8359693041847
220,279,168051,10.9175439924918
221,241,168051,7.57288276926258
221,240,168051,7.74763310856687
221,238,168051,8.18401469429326
222,241,168051,8.54891779640802
222,240,168051,8.57952776713221
222,219,168051,9.07273396518412
223,241,168051,8.03355156437275
223,240,168051,8.39770869785329
223,238,168051,8.46730813775638
224,238,168051,8.20599974361712
224,240,168051,8.28522407499996
224,241,168051,8.45529683646412
225,207,168051,9.50726398180899
225,238,168051,10.0072748983804
225,241,168051,10.1797495363455
226,207,168051,8.63844093401678
226,241,168051,9.18941933143919
226,210,168051,9.31125800174541
227,207,168051,7.8929060116482
227,210,168051,8.88011725384502
227,238,168051,9.09514207391527
228,238,168051,8.09065215676726
228,239,168051,8.18960689072998
228,237,168051,8.65331536741069
229,271,168051,7.77761212412122
229,270,168051,8.24726269314424
229,275,168051,8.48181667180828
230,239,168051,7.84766575829801
230,238,168051,7.8554688159164
230,255,168051,7.8929129609217
231,255,168051,8.33987789454114
231,273,168051,8.3486492352839
231,270,168051,8.64557423653139
232,273,168051,11.244216216514
232,286,168051,11.2762282116768
232,255,168051,11.8334753227609
233,286,168051,11.573594734809
233,273,168051,11.8722822813273
233,275,168051,12.2310665829202
234,274,168051,11.3372417432514
234,273,168051,11.5195504545086
234,270,168051,11.703165546629
235,238,168051,13.0708142430714
235,239,168051,13.2527597334353
235,270,168051,13.4795886808925
236,271,168051,10.938549693786
236,255,168051,11.5997020512631
236,273,168051,11.7734617988508
237,271,168051,13.1313854767823
237,238,168051,13.6805804026786
237,273,168051,13.6896421681069
238,201,168051,11.2979463216284
238,200,168051,11.3976514617927
238,238,168051,11.7287000519953
239,238,168051,10.3459006793787
239,239,168051,11.1131736710458
239,237,168051,11.1490356164959
240,207,168051,8.27567097749492
240,238,168051,8.49219521588867
240,240,168051,9.00722843643029
241,207,168051,9.25240621288774
241,238,168051,9.79085668711932
241,210,168051,10.1118725653441
242,207,168051,9.47642545336508
242,205,168051,10.6759315684514
242,210,168051,10.7387142744228
243,207,168051,10.4926877034716
243,206,168051,11.0624741445774
243,205,168051,11.2868800159249
244,207,168051,11.913675435068
244,220,168051,12.339242929801
244,206,168051,12.4317460030315
245,207,168051,11.3276985868033
245,220,168051,11.3477369779102
245,205,168051,11.9862834475203
246,207,168051,8.91633450988482
246,220,168051,9.64087664129091
246,205,168051,9.99727935541037
247,238,168051,10.2192223228484
247,201,168051,10.4021167482575
247,210,168051,10.4100197981689
248,201,168051,10.0241836759852
248,207,168051,10.1281919221287
248,210,168051,10.2171803307613
249,180,168051,10.2728536873554
249,201,168051,10.2803575416737
249,179,168051,10.498183898726
250,166,168051,11.1218798862645
250,180,168051,11.3019830765852
250,167,168051,11.5538469608334
251,166,168051,9.40651929791079
251,167,168051,9.68829493320163
251,165,168051,9.8912956225946
252,166,168051,10.7185257086654
252,180,168051,10.958464689039
252,179,168051,11.3882569685233
253,201,168051,11.6634844321308
253,166,168051,12.1736781649355
253,200,168051,12.247599201124
254,167,168051,7.84589123161877
254,166,168051,8.23148338299109
254,165,168051,8.40369360869166
255,167,168051,9.43348603753252
255,166,168051,9.44146096497818
255,165,168051,9.81074089647448
256,198,168051,8.19935382666282
256,199,168051,8.55932784731113
256,197,168051,8.93523117632719
257,166,168051,8.56031709545761
257,165,168051,9.47660180745994
257,201,168051,9.49761946535685
258,166,168051,8.21071738766044
258,167,168051,9.02521476530701
258,165,168051,9.07248971773728
259,166,168051,8.89591989506878
259,170,168051,9.79237163932471
259,198,168051,9.85073661890117
260,170,168051,7.00036142410647
260,161,168051,7.56080368219542
260,198,168051,7.57504995751571
261,170,168051,6.46553805853538
261,198,168051,6.61214813161459
261,160,168051,7.1392058194199
262,198,168051,6.8799954283223
262,201,168051,6.94937355819529
262,200,168051,7.07197363906419
263,199,168051,5.7558940112151
263,198,168051,5.87323413170026
263,215,168051,6.31028474089741
264,198,168051,6.96684415956346
264,201,168051,7.0953845422242
264,199,168051,7.28228160890747
265,201,168051,7.7947846736112
265,198,168051,7.9506268322406
265,200,168051,8.34439376648617
266,200,168051,5.03905833716314
266,198,168051,5.07657017569979
266,197,168051,5.49042142968529
267,166,168051,7.06801880915737
267,180,168051,7.70209284811464
267,170,168051,7.81034529709201
268,167,168051,6.22549387433106
268,180,168051,6.77747540062959
268,165,168051,7.10226071910385
269,180,168051,8.687303669261
269,179,168051,9.39949243370508
269,167,168051,9.46180258058607
270,100,168049,11.7832599510241
270,98,168049,12.3440112783255
270,99,168049,12.4401782012146
271,110,168049,10.5254816558418
271,109,168049,10.6614896502544
271,115,168049,10.9121041015099
272,166,168051,7.62510822690901
272,180,168051,8.44074878273885
272,165,168051,8.53995761385033
273,167,168051,7.12553342589491
273,166,168051,7.27972128893682
273,165,168051,7.65995081342252
274,167,168051,9.34571568725353
274,166,168051,9.7824510232919
274,165,168051,10.0388942389463
275,166,168051,8.69458197589937
275,165,168051,9.69421293926852
275,167,168051,9.97045373199913
276,166,168051,10.6063469338471
276,167,168051,11.0874588474033
276,165,168051,11.2964790535487
277,166,168051,9.9093032289504
277,167,168051,10.4431486662685
277,165,168051,10.5939221049676
278,166,168051,12.0115073575107
278,165,168051,13.0380359773445
278,167,168051,13.2373063553047
279,111,168049,13.2143094346376
279,110,168049,13.7223714901851
279,95,168049,14.4798244306164
280,167,168051,12.4809771456434
280,166,168051,12.9824919228519
280,165,168051,13.2094904773788
281,167,168051,11.4017391659591
281,165,168051,12.4682825731965
281,166,168051,12.7052728043722
282,167,168051,12.0624213773594
282,180,168051,12.0746204750584
282,166,168051,12.1057969424307
283,95,168049,11.4049638705596
283,41,168049,11.9595399094792
283,94,168049,11.9602749348295
284,38,168049,9.70370713825881
284,40,168049,10.1133833054824
284,39,168049,10.2667744020185
285,38,168049,8.83154559905857
285,41,168049,8.94562019433739
285,39,168049,9.07991082329873
286,38,168049,9.1961504303754
286,40,168049,9.31634838546532
286,3,168049,9.43566706170156
287,38,168049,11.7061205730492
287,66,168049,11.7153233236016
287,79,168049,11.7356081879194
288,38,168049,12.1366763381838
288,41,168049,12.1435698089036
288,3,168049,12.4142582046453
289,41,168049,11.7835662687753
289,38,168049,12.0660436124617
289,40,168049,12.6612183951889
290,41,168049,10.7246030303166
290,38,168049,11.348641771106
290,95,168049,11.3589775796699
291,3,168049,13.8312134289093
291,40,168049,13.9707847333705
291,41,168049,14.2338028290376
292,38,168049,18.2200787287067
292,167,168051,18.2437113580159
292,95,168049,18.5197505632489
293,167,168051,14.0361293487413
293,165,168051,14.8844748498614
293,166,168051,14.9183590790917
294,38,168049,14.6163217189453
294,95,168049,15.3938816153321
294,39,168049,15.4373234512506
295,10,168049,11.9911885057346
295,38,168049,12.1914900272186
295,3,168049,12.3503589036339
296,167,168051,16.1504676605701
296,166,168051,16.5207092149971
296,38,168049,16.6071358915289
297,180,168051,16.0255207197875
297,206,168051,16.6603460774611
297,179,168051,16.7363835596742
298,4,168049,18.0289225929626
298,235,168043,18.8629123345601
298,255,168043,18.9651501511727
299,4,168049,16.4417130024024
299,231,168043,17.204858479905
299,230,168043,17.3993051124728
300,4,168049,14.4682643729339
300,10,168049,15.1522477432639
300,2,168049,15.6543916143614
301,4,168049,13.6398167256042
301,10,168049,13.9850327213228
301,2,168049,14.6060940007915
302,4,168049,14.097099653109
302,2,168049,15.1728647289056
302,20,168049,15.419878501213
303,10,168049,13.51932688983
303,6,168049,13.6142657865669
303,8,168049,13.8022452508307
304,10,168049,9.21701647622404
304,6,168049,9.43307282207874
304,4,168049,9.80228767759134
305,10,168049,7.07380062317622
305,6,168049,7.36068114130242
305,8,168049,8.00149671173602
306,6,168049,9.45229299193467
306,10,168049,9.52118542906705
306,38,168049,10.2302443802704
307,38,168049,7.77027602252742
307,10,168049,8.03407535837052
307,6,168049,8.45798928381222
308,6,168049,7.00021109570402
308,38,168049,7.25621574069799
308,8,168049,7.27173131974135
309,38,168049,5.79568981227583
309,37,168049,6.80179502479772
309,41,168049,6.97494337262815
310,4,168049,6.34177288634189
310,10,168049,7.05346633797677
310,2,168049,7.28869510123429
311,4,168049,5.94512440222911
311,2,168049,7.01857847072328
311,3,168049,7.34136487757294
312,3,168049,4.16014954582739
312,2,168049,5.22252901629701
312,4,168049,5.68393592072559
313,3,168049,3.88687838379338
313,18,168049,4.7885904887248
313,2,168049,4.81127950919295
314,20,168049,3.44622724100825
314,19,168049,4.42252645168201
314,3,168049,4.60255257944282
315,3,168049,3.86924245980662
315,20,168049,4.84023921622255
315,18,168049,4.9483418633295
316,18,168049,5.16404005561542
316,20,168049,5.20942156166063
316,29,168049,5.62901155137309
317,233,168043,7.7127298945458
317,255,168043,8.14375653798519
317,253,168043,8.20203437013647
318,233,168043,5.8086888196162
318,226,168043,5.94265327766215
318,255,168043,5.96921601156992
319,20,168049,5.60833963235437
319,19,168049,6.11937036711189
319,3,168049,6.74791645029334
320,19,168049,4.36989796546129
320,3,168049,4.75493365310461
320,20,168049,4.87458243119768
321,20,168049,4.75449776163063
321,19,168049,4.80882621908815
321,3,168049,5.13414325890896
322,19,168049,3.59921268166012
322,20,168049,3.69659234330309
322,41,168049,4.3629189509739
323,40,168049,3.93958273118658
323,41,168049,4.06456062761858
323,20,168049,5.09924087018488
324,4,168049,4.65711909463244
324,19,168049,5.23115321432218
324,2,168049,5.42250845307746
325,41,168049,3.44113623458054
325,40,168049,4.09148734175432
325,38,168049,4.14900149765322
326,38,168049,4.98857719131436
326,39,168049,5.17297637319352
326,26,168049,5.63339902428811
327,10,168049,5.22867771679714
327,38,168049,5.3975421592215
327,19,168049,5.86449692473334
328,3,168049,4.46023106203089
328,10,168049,5.51532619185463
328,2,168049,5.66354281077773
329,10,168049,4.84528556698273
329,19,168049,5.06705213359474
329,3,168049,5.23572068903075
330,3,168049,3.96836937791199
330,19,168049,4.04655971532363
330,41,168049,4.18169669660377
331,3,168049,4.22153504074075
331,19,168049,4.57488996559689
331,40,168049,4.67303339375653
332,41,168049,3.37894943860038
332,19,168049,3.6987264617447
332,20,168049,4.019167836932
333,10,168049,3.42772215061305
333,41,168049,3.66135605300332
333,16,168049,4.21247676683673
334,10,168049,4.10545269918187
334,41,168049,4.36314939487487
334,16,168049,4.86216932470724
335,10,168049,3.98619801918061
335,3,168049,4.76450366095065
335,6,168049,4.92254260971269
336,41,168049,4.9668307319972
336,6,168049,5.05650514176975
336,10,168049,5.1163711189771
337,40,168049,6.2100685801332
337,3,168049,6.47791973708935
337,41,168049,6.79832423392511
338,233,168045,6.83010728585801
338,234,168045,6.99148450472021
338,253,168045,7.42885015065553
339,3,168049,5.96229902105795
339,235,168045,6.91025747820432
339,2,168049,7.00481881642211
340,246,168045,5.32036683786748
340,201,168043,5.43553875844636
340,258,168045,5.57948537291294
341,3,168049,4.92685479724352
341,160,168043,4.97959560708636
341,200,168043,5.10984616470442
342,200,168043,4.20828735881136
342,201,168043,4.24950785132445
342,10,168049,4.46382932834482
343,10,168049,3.71414893456218
343,161,168043,4.6463434936949
343,6,168049,4.7686603665177
344,10,168049,4.70979804381537
344,3,168049,4.86279005104633
344,6,168049,5.15613694627259
345,201,168043,5.72271202465347
345,200,168043,6.14092797326481
345,170,168043,6.48509660533119
346,160,168043,4.15029777925482
346,161,168043,4.58410873321493
346,168,168043,4.98447228844277
347,160,168043,4.23789169910927
347,158,168043,4.56347492822507
347,161,168043,4.64578707784884
348,161,168043,4.169979253054
348,160,168043,4.38665353444783
348,139,168043,4.66917611384907
349,161,168043,4.15175255877313
349,158,168043,4.33663562092832
349,160,168043,4.57747498147726
350,3,168049,4.57827064226389
350,140,168043,4.58162504757829
350,139,168043,4.9457505108641
351,3,168049,4.27962168919864
351,126,168043,4.31341220953514
351,140,168043,4.56056727968704
352,3,168049,4.74056079813439
352,126,168043,4.82977007865801
352,2,168049,5.92634729724389
353,126,168043,5.29025226626935
353,3,168049,5.6689816969222
353,125,168043,6.13387673613973
354,126,168043,5.29842284641618
354,3,168049,6.26474139984267
354,125,168043,6.54390355595166
355,126,168043,6.41221750636237
355,125,168043,7.26198111289977
355,127,168043,7.44976185430951
356,126,168043,4.92938879360964
356,140,168043,5.14725205008837
356,139,168043,5.47024034496877
357,3,168049,4.54166261872492
357,126,168043,4.683021273123
357,140,168043,5.04106809361022
358,3,168049,4.50139357446325
358,10,168049,4.94675754294486
358,19,168049,5.16788009580214
359,3,168049,4.1557848689924
359,10,168049,4.67935362111595
359,2,168049,4.78868793952007
360,3,168049,4.48389511209948
360,10,168049,4.67967568511195
360,20,168049,5.22663225141628
361,121,168043,4.6795490062157
361,120,168043,4.70103378323565
361,117,168043,5.98561178671959
362,120,168043,2.22543564402375
362,121,168043,2.71592061182936
362,128,168043,2.94080794422801
363,121,168043,3.8931265606737
363,120,168043,3.9018739533045
363,116,168043,4.06150251785746
364,40,168049,4.7840657679434
364,41,168049,4.8171973344835
364,39,168049,5.17763075101815
365,116,168043,3.45035420658815
365,109,168043,4.0176653284978
365,128,168043,4.4908251367666
366,99,168043,2.67165597781944
366,100,168043,2.95186524063123
366,98,168043,3.07463667243418
367,39,168049,5.12958023336943
367,109,168043,5.27280937266599
367,20,168049,5.50793912419628
368,39,168049,4.00719854447702
368,40,168049,4.27347200845763
368,37,168049,4.67438106944118
369,40,168049,2.3747772700002
369,41,168049,2.84508764107488
369,37,168049,3.53016687962191
370,41,168049,2.91504447503992
370,40,168049,3.54081350659667
370,39,168049,3.71160465645627
371,41,168049,4.73555255876071
371,39,168049,4.7627737072874
371,40,168049,5.29987427640255
372,41,168049,3.51861310947719
372,39,168049,4.22859646167649
372,40,168049,4.40614942901525
373,39,168049,3.39026328278413
373,20,168049,3.63705596955297
373,19,168049,4.04755569826177
374,20,168049,3.15579246462055
374,19,168049,4.03070665839379
374,18,168049,4.47567311488507
375,39,168049,4.15895827353135
375,40,168049,4.57139535649521
375,4,168049,4.65402782971159
376,20,168049,4.32652938508721
376,19,168049,4.3506963011936
376,4,168049,4.69107971283799
377,39,168049,3.86333410085741
377,40,168049,4.39844965425437
377,37,168049,4.62279468352951
378,19,168049,4.41530505830628
378,4,168049,4.61706984041266
378,20,168049,4.70719886622227
379,20,168049,4.82976107367458
379,4,168049,4.93216166739517
379,19,168049,5.39782721892147
380,20,168049,3.36595690302024
380,19,168049,3.93365818128419
380,36,168049,4.38157429452837
381,39,168049,2.74665683186126
381,37,168049,3.76081198557213
381,20,168049,3.85668597703355
382,40,168049,3.82676490502083
382,41,168049,3.9918579707126
382,37,168049,4.5804841471981
383,40,168049,3.75365181223378
383,39,168049,4.38907509886693
383,38,168049,4.44060467747766
384,39,168049,4.81643286867944
384,40,168049,4.84969103633846
384,41,168049,5.02722244641619
385,4,168049,9.46918830944479
385,19,168049,9.91992315136917
385,20,168049,9.98592276997481
386,4,168049,8.32076852720044
386,20,168049,8.48746068480191
386,19,168049,8.55371975545665
387,4,168049,12.4822529038596
387,3,168049,13.0127300722365
387,2,168049,13.1727469725112
388,4,168049,11.1975417714445
388,3,168049,12.0154574615803
388,2,168049,12.0788628192808
389,3,168049,12.7535494940078
389,4,168049,12.9260357363846
389,2,168049,13.291797124943
390,127,168043,12.0766305310215
390,125,168043,12.978711594266
390,126,168043,12.9908004899307
391,127,168043,12.1613138193471
391,125,168043,13.1750212548466
391,126,168043,13.3183787605114
392,127,168043,10.0614111776816
392,125,168043,11.2549171345238
392,140,168043,11.5575532545524
393,127,168043,9.43489813834284
393,139,168043,10.1235256067832
393,125,168043,10.4407680882438
394,161,168043,10.0204010343296
394,160,168043,10.3288943144863
394,158,168043,11.2533300211123
395,161,168043,11.3375201509333
395,160,168043,11.5396485319592
395,127,168043,11.7891206246504
396,127,168043,12.6479486452149
396,160,168043,12.7342274149729
396,140,168043,12.7398521109827
397,161,168043,9.71638488147663
397,160,168043,10.1072726809223
397,127,168043,10.3429775985931
398,161,168043,8.62025201542303
398,160,168043,8.7841772191791
398,158,168043,8.82241628778609
399,127,168043,7.25134071030502
399,158,168043,7.49719208154457
399,130,168043,7.5887896379012
400,161,168043,7.83016274505544
400,130,168043,8.4433414575497
400,158,168043,8.55868140600383
401,127,168043,8.48176337548391
401,125,168043,9.6861481443786
401,130,168043,9.98772452324839
402,127,168043,11.1629894821065
402,130,168043,11.8270484326812
402,121,168043,11.9928261039827
403,127,168043,11.6902952919817
403,125,168043,12.7694948042862
403,100,168043,12.8531373224885
404,127,168043,12.3940878241783
404,125,168043,13.521543141508
404,126,168043,13.7528537741271
405,8,168048,13.4784253301415
405,127,168043,13.8389587731825
405,7,168048,14.0981323928617
406,8,168048,13.4559012592742
406,127,168043,13.5424623361055
406,7,168048,14.0373360240572
407,8,168048,15.1811736895088
407,7,168048,15.6236490656984
407,6,168048,16.5002001701913
408,8,168048,13.5107115341187
408,7,168048,13.5575349346142
408,14,168048,14.7009675730897
409,15,168048,15.2097453533663
409,7,168048,15.5845241745896
409,8,168048,15.6767091428256
410,15,168048,15.0294244123608
410,14,168048,15.6476069257867
410,8,168048,16.3280922304645
411,15,168048,15.5291560207628
411,8,168048,15.6270341023494
411,14,168048,15.7987642704969
412,15,168048,17.1251880403802
412,33,168048,17.4929197380191
412,14,168048,17.5314922420364
413,3,168049,14.8842464824018
413,2,168049,15.4516710778306
413,4,168049,15.4748216859194
414,3,168049,11.1934988745897
414,2,168049,12.235786250776
414,13,168049,12.4062300556776
415,18,168049,7.86055602558998
415,3,168049,8.03023163576294
415,20,168049,8.26107633387766
416,3,168049,7.87374319669259
416,18,168049,8.6854089494451
416,2,168049,9.08513353445014
417,3,168049,7.3898270561656
417,2,168049,8.36403636031909
417,4,168049,8.55465479109681
418,3,168049,6.85828756480205
418,2,168049,7.91421526934149
418,4,168049,8.10615272652191
419,3,168049,6.8539132046747
419,2,168049,7.89233191752992
419,4,168049,8.21530450289085
420,3,168049,7.94256306747828
420,4,168049,8.6810396701956
420,2,168049,8.77437045037062
421,3,168049,5.84311557592047
421,11,168049,5.88734983711791
421,7,168049,5.98538242286173
422,7,168049,5.96054917046641
422,8,168049,5.99134266588604
422,5,168049,7.30952977436311
423,8,168049,5.30416276682893
423,7,168049,5.476516120143
423,14,168049,5.60136320215883
424,7,168049,3.73294909033316
424,6,168049,4.17355993533822
424,8,168049,4.50986305587568
425,7,168049,2.39291326078439
425,14,168049,2.52900353647067
425,8,168049,2.89722748241872
426,14,168049,2.39655919450323
426,30,168049,2.86523267857813
426,15,168049,2.91858141348478
427,14,168049,2.35253752605482
427,30,168049,2.43815476618884
427,13,168049,2.79454211293136
428,30,168049,2.30881082669916
428,14,168049,2.52862330481023
428,31,168049,2.82099055865976
429,30,168049,2.38149559566656
429,14,168049,2.71583923833204
429,13,168049,2.93315670517564
430,15,168049,4.4633853020521
430,14,168049,4.52207942197851
430,8,168049,5.21082347618825
431,15,168049,3.79668498912924
431,14,168049,4.63277380875509
431,13,168049,5.21794230058883
432,15,168049,4.0897997733615
432,14,168049,4.76613450743055
432,13,168049,5.1569271178114
433,30,168049,4.97946968897558
433,31,168049,4.98617883021685
433,15,168049,5.2068880791667
434,31,168049,6.3640621834542
434,30,168049,6.73637995141143
434,35,168049,7.75914072716955
435,31,168049,5.57811969047595
435,30,168049,6.46275144688101
435,29,168049,6.62343419301442
436,30,168049,6.69038237696212
436,31,168049,7.18250192065025
436,35,168049,7.276776224823
437,31,168049,4.83208534668104
437,34,168049,5.05023044298225
437,30,168049,5.3198094629504
438,47,168049,6.40281985841765
438,50,168049,6.83150942060066
438,36,168049,7.26242041553465
439,393,168045,8.11164268775338
439,392,168045,8.5768437116656
439,50,168049,8.63421326602818
440,3,168049,6.84806929187155
440,388,168045,7.27943921783049
440,18,168049,7.35988591550185
441,20,168049,5.47847610045854
441,19,168049,6.32860397872739
441,18,168049,6.75894606120935
442,20,168049,6.01439716017638
442,19,168049,6.39794579208645
442,3,168049,6.92561124083064
443,36,168049,7.21830645812993
443,39,168049,7.26992849471595
443,389,168045,7.31719483742935
444,29,168049,7.63582155228916
444,36,168049,7.78139392404436
444,39,168049,7.81713678880487
445,389,168045,6.4009203558069
445,388,168045,6.55180449508038
445,29,168049,6.60319085668811
446,373,168045,8.0023747048735
446,375,168045,8.22156977313382
446,388,168045,8.55158677472777
447,378,168045,6.60514701663905
447,355,168045,6.86043296498469
447,373,168045,6.88482043665918
448,378,168045,5.30348349165948
448,380,168045,5.59649456941649
448,366,168045,5.87245928512167
449,366,168045,5.65389741498486
449,378,168045,5.6594271348928
449,373,168045,6.31887435149937
450,366,168045,6.85003004415658
450,378,168045,7.29289033335365
450,355,168045,7.30463420498138
451,378,168045,8.23761717626859
451,366,168045,8.51003263537344
451,388,168045,9.24444560420324
452,355,168045,7.11394916009567
452,378,168045,7.27681806429809
452,373,168045,7.38149235726668
453,47,168049,6.40742621961367
453,366,168045,7.06289512364077
453,81,168049,7.22869462446427
454,47,168049,6.6528731394526
454,366,168045,6.65584660722482
454,46,168049,7.1924578833752
455,380,168045,7.81458739016728
455,47,168049,8.06324532746241
455,366,168045,8.59187128911925
456,380,168045,5.47698016589865
456,47,168049,6.0087162628779
456,46,168049,6.24845706056926
457,46,168049,3.81257341282981
457,47,168049,4.30171341578887
457,45,168049,4.43677200374358
458,46,168049,3.84433686170246
458,47,168049,4.30178482041602
458,45,168049,4.43636740194988
459,34,168049,2.81811515380253
459,35,168049,3.20154818652954
459,32,168049,4.09994710869363
460,34,168049,2.31751517980876
460,35,168049,2.94150134179788
460,33,168049,3.13478602035262
461,30,168049,2.26004726947792
461,34,168049,2.37700614838512
461,31,168049,2.89283579411603
462,34,168049,2.54375861679814
462,35,168049,2.9273672509703
462,30,168049,3.51921650238621
463,35,168049,3.39045603616301
463,47,168049,4.04557549542786
463,34,168049,4.05597181840801
464,47,168049,4.73752641435985
464,45,168049,5.42378427474119
464,46,168049,5.57252594574324
465,46,168049,4.60558175087131
465,47,168049,4.75381277915989
465,45,168049,5.11026000908703
466,47,168049,4.01148361258011
466,46,168049,4.61267563915965
466,45,168049,4.76940443546051
467,46,168049,4.13294413128391
467,47,168049,4.60208481747126
467,45,168049,4.77021313171811
468,60,168049,3.19960734226124
468,58,168049,3.89075130769709
468,59,168049,4.14792127082167
469,60,168049,6.44547088024614
469,46,168049,6.80609764110032
469,59,168049,7.38926317268383
470,60,168049,8.98991893393193
470,58,168049,9.59527093526199
470,59,168049,9.90936709468438
471,46,168049,9.00084691867217
471,58,168049,9.63693215908625
471,45,168049,10.2570601818615
472,46,168049,9.58067924168942
472,58,168049,10.5943090261717
472,45,168049,10.6909212302236
473,60,168049,10.4419142014234
473,47,168049,11.0946284671525
473,59,168049,11.165208703915
474,60,168049,6.81012335821604
474,46,168049,7.08240667570606
474,58,168049,7.1609674085596
475,46,168049,6.33079850223043
475,45,168049,7.04321610598025
475,47,168049,7.16890111091694
476,58,168049,8.67751479382917
476,53,168049,9.22341283980949
476,46,168049,9.49199943055424
477,58,168049,4.62661379775136
477,53,168049,5.44234730869136
477,47,168049,5.53000377822529
478,47,168049,4.31175337531098
478,58,168049,4.42073121675743
478,45,168049,5.29519493733477
479,47,168049,4.28765015155582
479,58,168049,4.53765140466262
479,45,168049,4.77082841663553
480,59,168049,4.39983577919204
480,60,168049,4.42784390376365
480,58,168049,4.65696968157528
481,58,168049,3.87469912981681
481,47,168049,4.52386955864817
481,53,168049,4.81867685763709
482,47,168049,4.32830970021451
482,59,168049,4.35350366759474
482,58,168049,4.37996563493296
483,47,168049,5.73467600635391
483,45,168049,6.75605678748063
483,58,168049,7.16267557103318
484,47,168049,6.86817898327844
484,58,168049,7.35713657930699
484,53,168049,7.93678322389023
485,47,168049,6.8736638214896
485,58,168049,7.49009405030566
485,60,168049,7.58844542243804
486,60,168049,5.90881883265348
486,47,168049,6.14890003868581
486,45,168049,6.79179056787385
487,47,168049,6.06823315842052
487,46,168049,6.94833815423804
487,45,168049,6.98091464774429
488,47,168049,6.38128149791517
488,35,168049,7.26803352559794
488,45,168049,7.40386380659648
489,34,168049,8.72855405135638
489,35,168049,8.72997876940805
489,46,168049,8.96904596086128
490,35,168049,9.95605312735054
490,34,168049,10.5934316443953
490,31,168049,10.8686775383821
491,35,168049,11.2094292597806
491,34,168049,11.4909631464886
491,71,168049,11.4958567561758
492,47,168051,11.4201678226222
492,45,168051,12.41393241202
492,379,168045,12.5635774302068
493,35,168049,10.1827564319286
493,46,168049,10.451134667035
493,34,168049,10.5790076021803
494,46,168049,9.18908942229557
494,34,168049,9.21809331502793
494,31,168049,9.55646277384986
495,367,168045,11.1958870600073
495,378,168045,11.5762695558748
495,46,168049,11.8983137643874
496,46,168049,7.28709848076953
496,45,168049,8.25535323786173
496,47,168049,8.5643685176929
497,367,168045,7.26068515946442
497,378,168045,8.30956408811205
497,365,168045,8.38231103312301
498,373,168045,10.2344935067795
498,355,168045,10.5356967167552
498,354,168045,10.6050284274682
499,373,168045,11.2952516321143
499,389,168045,11.413997136771
499,388,168045,11.4424958662241
500,46,168049,12.4936293221907
500,389,168045,13.1414468723882
500,35,168049,13.1706290351871
501,388,168045,12.0014719845247
501,387,168045,12.1200891782796
501,373,168045,12.4336569014357
502,389,168045,7.68124629470198
502,388,168045,8.57429441871679
502,387,168045,9.31703507734237
503,389,168045,8.82934999536218
503,388,168045,9.37445067322176
503,375,168045,9.59669808367111
504,353,168045,10.3384340176657
504,344,168045,10.7159450789843
504,375,168045,10.7416479163788
505,361,168045,14.0682750606521
505,360,168045,14.9476083215379
505,358,168045,14.9785308445982
506,361,168045,12.2643894048604
506,360,168045,12.5772201177912
506,330,168045,13.8565422640912
507,360,168045,10.6003564951799
507,361,168045,10.8308646731344
507,358,168045,11.7965145792176
508,330,168045,10.7117025505061
508,326,168045,11.02058993515
508,328,168045,11.6956431408257
509,326,168045,8.1858376744581
509,330,168045,8.86587051134114
509,309,168045,9.17411122038578
510,287,168045,12.5303288911994
510,285,168045,13.5163718695644
510,286,168045,13.6541488227906
511,287,168045,14.3451719354604
511,299,168045,14.3578714258674
511,298,168045,14.5494100568808
512,287,168045,13.3523819555197
512,286,168045,13.4317149887782
512,285,168045,13.9008279970574
513,287,168045,12.2333330684073
513,285,168045,13.3104485549514
513,298,168045,13.5951505222232
514,286,168045,13.303366043303
514,285,168045,14.2524870226978
514,287,168045,14.280782595709
515,286,168045,13.9823924693759
515,287,168045,14.4687659293605
515,285,168045,14.7085475765393
516,287,168045,10.7951049889141
516,286,168045,11.0608504052483
516,285,168045,11.3714922325277
517,287,168045,7.9685661940023
517,285,168045,8.9890807450673
517,286,168045,9.1532142044691
518,287,168045,10.7606830956198
518,286,168045,11.2891732896553
518,285,168045,11.4956018284931
519,287,168045,13.4191185416119
519,300,168045,13.6744414802883
519,285,168045,14.4861047711804
520,287,168045,13.1070861250971
520,286,168045,13.4016318293286
520,285,168045,13.742521115737
521,286,168045,13.1869454350166
521,401,168046,13.7367216933483
521,402,168046,13.8274298176945
522,366,168046,14.8866838697806
522,402,168046,15.0839337539273
522,401,168046,15.833465474136
523,402,168046,17.1360536195597
523,380,168046,17.2581224670711
523,401,168046,17.4002937343565
524,401,168046,15.4165422476788
524,402,168046,15.7809047316502
524,400,168046,16.0444856971003
525,402,168046,12.9129481819873
525,401,168046,13.8068263937173
525,400,168046,13.8973441104075
526,401,168046,12.3263189858698
526,400,168046,12.6515932628262
526,397,168046,12.687694774161
527,397,168046,10.4759609738346
527,401,168046,11.3226817142398
527,396,168046,11.4167867695409
528,397,168046,11.5190088142763
528,396,168046,12.2450956920874
528,400,168046,12.5005469330568
529,397,168046,13.8342397561577
529,35,168049,14.1134802880895
529,396,168046,14.439552711333
530,397,168046,13.9938023228254
530,400,168046,14.4921371481461
530,396,168046,14.858376418814
531,46,168049,14.3462291495221
531,35,168049,14.7605359494083
531,58,168049,14.8432712882345
532,400,168046,11.7028996886252
532,384,168046,12.2278491066719
532,396,168046,12.4291477780385
533,396,168046,7.76515250763799
533,397,168046,8.13446427788134
533,393,168046,8.35683404913554
534,397,168046,12.4582152757864
534,396,168046,13.2702964196076
534,402,168046,13.3781801781017
535,402,168046,11.9446679675761
535,401,168046,12.7612242656931
535,397,168046,13.1294680040338
536,402,168046,11.3811418799931
536,397,168046,11.4410038409239
536,396,168046,12.2238318393508
537,397,168046,12.7613872725728
537,395,168046,13.4100863357712
537,393,168046,13.4716479179083
538,397,168046,11.3744701547101
538,395,168046,12.1264580260034
538,400,168046,12.2807373854799
539,395,168046,14.5500280847403
539,401,168046,14.8459335937617
539,402,168046,15.0242183248074
540,397,168046,17.0316277359193
540,402,168046,17.7886205672995
540,396,168046,17.9726882117059
541,393,168046,11.1412779672675
541,397,168046,11.1833569331323
541,396,168046,11.4859362211711
542,397,168046,12.2202073098985
542,395,168046,12.5168307423361
542,392,168046,13.0214597754512
543,397,168046,16.2735605423427
543,393,168046,16.5630373692604
543,396,168046,17.0730478340162
544,397,168046,18.1548480271047
544,396,168046,18.8627386886208
544,393,168046,18.9745813052987
545,393,168046,17.1428285352689
545,392,168046,17.253521350023
545,397,168046,17.3987198545653
546,397,168046,15.3954509629182
546,396,168046,15.9345924531576
546,393,168046,16.5228937388116
547,3,168048,16.8266493130265
547,4,168048,17.0683668128575
547,2,168048,17.4150623414473
548,4,168048,14.6633120528088
548,2,168048,15.9000003364399
548,10,168048,16.1336533718673
549,4,168048,14.8702400647151
549,2,168048,16.131708512985
549,10,168048,16.4161110522279
550,4,168048,13.020582757665
550,2,168048,14.2810612327067
550,10,168048,14.6793535873586
551,4,168048,11.7342618603978
551,10,168048,12.5049549028005
551,2,168048,12.7621660666973
552,4,168048,10.8915259078797
552,20,168048,11.8847004317918
552,2,168048,11.9778437371577
553,4,168048,9.61538232357452
553,20,168048,9.61773119686813
553,3,168048,9.66810109212725
554,20,168048,9.728533746712
554,19,168048,10.1880328838874
554,4,168048,11.2459814663296
555,66,168048,9.46788176129698
555,95,168048,9.68675036020796
555,73,168048,9.85381085923688
556,41,168048,8.44309014579601
556,4,168048,8.70927471309554
556,40,168048,8.9158031800823
557,4,168048,6.25641473743293
557,19,168048,7.24927247407593
557,2,168048,7.37712469292829
558,4,168048,4.36194821737185
558,19,168048,5.00578672690105
558,2,168048,5.35222288678074
559,4,168048,2.37421559486889
559,3,168048,2.4463844206738
559,2,168048,2.68341148841101
560,4,168048,2.08411413844934
560,2,168048,3.08951972075073
560,3,168048,3.46510685616223
561,3,168048,2.23229957525833
561,2,168048,2.57012293335925
561,4,168048,2.76189985561239
562,4,168048,2.35297416361348
562,3,168048,2.36031326470074
562,2,168048,2.6709451829605
563,4,168048,2.31611952718612
563,2,168048,2.80090615987945
563,3,168048,2.81562138685981
564,3,168048,2.09749378564479
564,4,168048,2.5590688854124
564,2,168048,2.5828233016116
565,4,168048,2.18661710701805
565,3,168048,2.55180930290594
565,2,168048,2.69071299806978
566,3,168048,2.24536777933911
566,4,168048,2.36066145217761
566,2,168048,2.56582353775274
567,3,168048,2.10236074309622
567,4,168048,2.27606545870385
567,2,168048,2.50488490202244
568,19,168048,2.4375160884705
568,3,168048,2.44835778661604
568,2,168048,3.0125031938999
569,3,168048,2.25275856010338
569,19,168048,2.54577865543322
569,2,168048,3.08667453303076
570,3,168048,2.22452462686139
570,19,168048,2.48441445390606
570,20,168048,3.05798488602462
571,3,168048,2.27054524738525
571,19,168048,2.32788574294689
571,20,168048,2.91645926298986
572,19,168048,2.35730386294901
572,3,168048,2.49248951452547
572,20,168048,2.74499245827621
573,3,168048,2.25879584147209
573,19,168048,2.6191832844415
573,20,168048,2.91908687013685
574,3,168048,2.21333326238524
574,4,168048,2.26881319304264
574,2,168048,2.52881169453113
575,4,168048,2.60016008338581
575,18,168048,3.46583802407613
575,2,168048,3.76099636910309
576,3,168048,2.25743727775563
576,2,168048,3.0393163166545
576,4,168048,3.39724396996328
577,4,168048,2.57512681287293
577,2,168048,3.43774169052443
577,3,168048,3.51893219793004
578,4,168048,2.26713012335228
578,2,168048,3.18417246958486
578,11,168048,3.62556215401096
579,11,168048,5.31365419370047
579,7,168048,5.4275384326442
579,13,168048,5.91261554720416
580,7,168048,5.65005248098875
580,11,168048,5.74343421296348
580,3,168048,6.250019066759
581,3,168048,6.99975255826236
581,8,168048,7.21521434239135
581,7,168048,7.46713785732182
582,6,168048,5.84180583064955
582,7,168048,6.08575144825135
582,5,168048,6.40164337141892
583,6,168048,7.83995529884645
583,8,168048,8.37345737132852
583,10,168048,8.41274214583095
584,6,168048,10.8449419381325
584,10,168048,11.4189933526965
584,8,168048,11.527874072877
585,41,168048,11.9298194327867
585,40,168048,12.1268656942857
585,6,168048,12.5722389431955
586,40,168048,9.75382426542562
586,38,168048,10.2399069603096
586,26,168048,10.3391697433333
587,40,168048,13.6031571680435
587,41,168048,14.1840134813458
587,26,168048,14.2416486682462
588,26,168048,11.5435236961152
588,53,168048,12.1853063710545
588,38,168048,12.2212926346723
589,26,168048,11.3847689703926
589,6,168048,11.5265282237696
589,40,168048,11.6853690335257
590,15,168048,13.5777628125279
590,14,168048,13.9537532288091
590,33,168048,14.3104203115728
591,14,168048,13.9745396893288
591,24,168048,14.0783216681923
591,15,168048,14.0893632422167
592,33,168048,12.5311984267255
592,55,168048,12.6125285114546
592,26,168048,12.8955527139605
593,53,168048,10.2431499543263
593,55,168048,10.3709163533474
593,54,168048,11.1940882175194
594,26,168048,10.2922137288295
594,33,168048,10.3196036474309
594,53,168048,10.7867195878281
595,33,168048,10.6414873677432
595,34,168048,10.9034530200019
595,53,168048,11.0584686083804
596,35,168048,12.8563502642838
596,33,168048,13.4599568735734
596,34,168048,13.6758267675221
597,35,168048,12.5132170387306
597,53,168048,12.784785224674
597,46,168048,12.8111078555708
598,46,168048,9.65989751387901
598,45,168048,10.5179994052958
598,58,168048,10.557951416205
599,71,168048,8.62048656365655
599,60,168048,9.30239846415986
599,70,168048,9.33997942726892
600,69,168048,8.74548090721812
600,58,168048,9.17514872021114
600,60,168048,9.41461538570728
601,46,168048,10.1616098220399
601,59,168048,10.3543329601676
601,58,168048,10.4238406734876
602,69,168048,13.8937403806903
602,71,168048,13.9447797202277
602,58,168048,14.2929088197336
603,87,168048,12.6753428910915
603,69,168048,13.3325932564278
603,46,168048,13.4342353513435
604,87,168048,11.7988079496413
604,69,168048,11.8442020839432
604,60,168048,12.3961801810274
605,59,168048,11.936028004589
605,58,168048,12.243948475051
605,47,168048,12.4571860268893
606,59,168048,11.2181134336105
606,47,168048,11.4506443365227
606,58,168048,11.4890523180786
607,58,168048,9.43879786269062
607,47,168048,9.9029123634429
607,60,168048,9.96272081904148
608,47,168048,7.20938145632111
608,46,168048,7.64838237132115
608,45,168048,7.88250558516154
609,47,168048,10.2654197377448
609,79,168048,11.3154476948857
609,58,168048,11.339056057947
610,60,168048,8.38643561303832
610,59,168048,8.45382771259813
610,47,168048,8.6866096211733
611,69,168048,6.6576774524287
611,76,168048,6.89068117110492
611,59,168048,7.05920172806807
612,87,168048,7.9548498822707
612,69,168048,8.31678614350507
612,85,168048,8.66058661539355
613,87,168048,8.66799707393205
613,69,168048,9.07805345765387
613,90,168048,9.37333573672082
614,60,168048,8.52488276669243
614,59,168048,9.25170396994966
614,58,168048,9.84789496373083
615,87,168048,7.60748434909892
615,90,168048,7.90860885157625
615,79,168048,8.23837167375293
616,90,168048,9.39564948495626
616,87,168048,9.5537539292936
616,76,168048,9.80008165649747
617,60,168048,6.11352130236917
617,79,168048,6.13412322506335
617,59,168048,6.55021659079098
618,46,168048,7.10215875073828
618,45,168048,8.02606910514677
618,47,168048,8.08512189562422
619,46,168048,5.79790427484986
619,45,168048,7.06950983971398
619,50,168048,7.12854827217449
620,46,168048,5.48981488803654
620,45,168048,6.53705468379019
620,50,168048,7.08544374764551
621,18,168048,9.42314659854719
621,13,168048,9.60558534214726
621,3,168048,9.69863427421585
622,402,168043,11.6033385257241
622,3,168048,11.6973083402036
622,20,168048,11.7820995654441
623,399,168043,5.77325537971702
623,397,168043,6.28080280108514
623,396,168043,6.45006105024597
624,399,168043,9.92004625268672
624,396,168043,10.5717489315065
624,397,168043,10.6387278518072
625,399,168043,6.78748137215286
625,400,168043,7.49603922475381
625,398,168043,7.65161389660659
626,397,168043,11.7760446525607
626,396,168043,11.9124818830868
626,399,168043,12.0229416944018
627,397,168043,12.4153182100975
627,399,168043,12.7567779967853
627,396,168043,12.9839457803193
628,397,168043,8.22256523278798
628,399,168043,8.45087411254489
628,396,168043,8.76674507970202
629,397,168043,7.49424717900246
629,396,168043,8.38963520991568
629,399,168043,8.62285903945524
630,397,168043,10.6546595040328
630,396,168043,11.1001297776394
630,399,168043,11.3954192590506
631,397,168043,9.45152382980539
631,399,168043,10.0237599774794
631,396,168043,10.0982531741241
632,397,168043,3.68947555962613
632,396,168043,4.61611048287543
632,395,168043,5.08613477712885
633,397,168043,4.76257540739917
633,396,168043,4.86748053878785
633,399,168043,4.89047838086248
634,396,168043,7.00922126483566
634,399,168043,7.07099282513114
634,397,168043,7.15858064980615
635,396,168043,4.95165543027935
635,397,168043,5.00003561353611
635,399,168043,5.47205747887195
636,393,168043,5.70815429977673
636,391,168043,5.79841892260457
636,397,168043,6.22043677983452
637,393,168043,5.07762363103849
637,392,168043,5.80106983335717
637,396,168043,6.93363455983763
638,393,168043,5.75373114697227
638,397,168043,6.37569102919653
638,392,168043,6.46970058839659
639,397,168043,3.98563230270292
639,396,168043,4.10696540045487
639,399,168043,4.85892178417641
640,396,168043,4.51420708735924
640,391,168043,4.6847261254519
640,397,168043,4.87479924860037
641,396,168043,7.21126900134328
641,397,168043,7.30084771545797
641,399,168043,7.51017631617253
642,396,168043,10.2003309995193
642,397,168043,10.2601902591549
642,399,168043,10.4328884929747
643,397,168043,11.7892665155736
643,47,168048,12.0290109398236
643,396,168043,12.4986999262178
644,399,168043,11.236905825032
644,396,168043,11.5016014438478
644,397,168043,11.6043530154156
645,397,168043,8.14124832507553
645,396,168043,8.93896571178559
645,399,168043,9.51226765878384
646,397,168043,6.87263666488338
646,393,168043,7.27112554040782
646,396,168043,7.40227539645942
647,393,168043,6.84412296126113
647,392,168043,7.14619348197168
647,395,168043,8.49293270677695
648,396,168043,7.39876267538671
648,397,168043,7.65344495498722
648,395,168043,8.18188422086653
649,397,168043,8.7586546865679
649,396,168043,9.56599810702444
649,392,168043,10.0050770556763
650,396,168043,10.0331934846222
650,399,168043,10.2645417925687
650,397,168043,10.3249958506829
651,391,168043,11.5142262650952
651,393,168043,11.7947791124492
651,396,168043,11.8834003477591
652,46,168048,11.3411263386048
652,45,168048,12.4382049218379
652,388,168043,12.5268608630601
653,391,168043,13.5968766717477
653,384,168043,13.6480164351445
653,46,168048,13.8896252354199
654,6,168047,15.5128204465705
654,8,168047,15.8611251579614
654,7,168047,16.045018522061
655,46,168048,12.7639585618887
655,47,168048,13.3686348038696
655,45,168048,13.5475510763366
656,20,168048,14.3093878477036
656,46,168048,14.6779716692066
656,18,168048,14.7469805249948
657,26,168047,15.4304056973549
657,6,168047,15.4585873517393
657,16,168047,15.5590813930982
658,6,168047,15.4721466152264
658,7,168047,16.1605931816873
658,46,168048,16.29616244594
659,7,168047,13.6147615246993
659,6,168047,13.6445439129965
659,5,168047,14.247791379177
660,7,168047,11.9637961418639
660,6,168047,12.2293458006488
660,8,168047,12.4252498506899
661,397,168046,20.3368729753848
661,396,168046,21.050946818765
661,46,168048,21.199298941264
662,7,168047,14.0519533992739
662,8,168047,14.5867066006251
662,6,168047,14.635412555837
663,397,168046,18.5254026865591
663,396,168046,18.9929934429733
663,399,168046,19.3761598593705
664,397,168046,19.2333679242071
664,396,168046,19.2943420753758
664,399,168046,19.3738568594364
665,397,168046,19.6214268482568
665,396,168046,19.6380386666839
665,399,168046,20.1911250284775
666,397,168046,15.218940173621
666,396,168046,15.8120297912789
666,392,168046,16.9107369742995
667,397,168046,13.56926729489
667,400,168046,13.8243406625958
667,399,168046,14.038450447503
668,397,168046,12.4913348823935
668,399,168046,12.9833156828584
668,396,168046,13.1918357175496
669,393,168046,14.7957041449065
669,397,168046,15.4743652718298
669,395,168046,15.5579850961131
670,400,168046,12.3009972561646
670,395,168046,12.4457543233524
670,397,168046,13.1911366208893
671,400,168046,12.9658938115908
671,395,168046,13.4666162644613
671,399,168046,13.5724021879752
672,399,168046,9.50912277842938
672,402,168046,9.93493164279024
672,400,168046,10.2277520366724
673,399,168046,10.0537193487621
673,402,168046,10.190566008123
673,400,168046,10.401201881039
674,397,168046,13.4302346539982
674,399,168046,13.532159999992
674,396,168046,13.6309911352759
675,399,168046,13.4798175232348
675,398,168046,14.5595497200596
675,402,168046,14.5754580646119
676,399,168046,14.1321758931553
676,397,168046,14.2339210750909
676,400,168046,14.5671510092282
677,397,168046,14.92102275669
677,399,168046,15.4287191162894
677,396,168046,15.5760517130162
678,397,168046,16.4328519972074
678,400,168046,17.13328127228
678,399,168046,17.388966009332
679,397,168046,16.6852427599794
679,400,168046,16.7546934466037
679,395,168046,16.8017376891825
680,399,168046,17.8405808013915
680,397,168046,18.0008859166604
680,396,168046,18.1227349435278
681,397,168046,15.7316223809736
681,400,168046,15.8015250304546
681,395,168046,15.8048443887473
682,397,168046,14.9896695017397
682,396,168046,15.7874505644274
682,399,168046,16.2935407004531
683,397,168046,18.5247224791292
683,396,168046,19.3156096584839
683,399,168046,19.4636990640122
684,397,168046,16.3336313116535
684,399,168046,17.0552895812772
684,396,168046,17.0858936318465
685,402,168046,14.4400757964799
685,401,168046,15.2652599437046
685,399,168046,15.3143203130416
686,400,168046,16.0246739181163
686,399,168046,16.2889787736176
686,401,168046,16.6489363054795
687,399,168046,14.8572299601046
687,400,168046,14.9228036461694
687,398,168046,15.515684311985
688,399,168046,17.536212762394
688,400,168046,17.8392215380149
688,398,168046,18.1519096292862
689,400,168046,18.7880583946451
689,399,168046,19.0270677291311
689,398,168046,19.4914984501824
690,399,168046,20.7786087444315
690,400,168046,20.8042100251424
690,401,168046,21.0728072352413
691,399,168046,19.090702728126
691,366,168043,19.562149765454
691,403,168052,19.6792633098262
692,403,168052,13.4804563557527
692,396,168046,15.937811690266
692,399,168046,16.0186015215239
693,403,168052,13.0192615668171
693,397,168046,17.3075594020274
693,366,168043,17.3836280925974
694,403,168052,15.7064409631732
694,397,168046,16.6022448063047
694,399,168046,17.0366980761218
695,397,168046,14.2735508713248
695,399,168046,14.8188677144033
695,396,168046,15.0970256031508
696,397,168046,17.6937091617429
696,396,168046,17.9133461429875
696,399,168046,18.0003098198748
697,366,168043,19.8767235446283
697,396,168046,20.3535045659071
697,397,168046,20.3602104402253
698,403,168052,14.0346989158371
698,397,168046,19.9903318529504
698,396,168046,20.243070732656
699,403,168052,15.2114237931352
699,399,168046,20.6726511222833
699,396,168046,20.7206644567857
700,403,168052,18.0580752633096
700,399,168046,20.2230826024088
700,402,168046,20.4882136406327
701,403,168052,15.9175230298044
701,402,168046,18.4114603505455
701,401,168046,19.0099122130818
702,366,168043,13.2093968580062
702,365,168043,14.3109733019988
702,403,168052,14.3661745023326
703,403,168052,13.880333030332
703,366,168043,16.2914488781207
703,370,168043,17.2634940508203
704,370,168043,14.4998390099199
704,366,168043,15.0460628703755
704,400,168043,15.2815816315716
705,403,168052,10.6228497968195
705,397,168046,18.8728236874254
705,402,168043,19.1579367769268
706,397,168046,16.188105052942
706,393,168046,16.8414266333962
706,396,168046,17.0565875093697
707,403,168052,12.8099130037709
707,402,168046,17.2792413802711
707,397,168046,17.4230282807452
708,366,168043,15.3325849181309
708,367,168043,15.7838094380813
708,365,168043,16.0500523108876
709,399,168046,17.7750133028178
709,367,168043,17.9155063779327
709,400,168046,17.9852878117765
710,367,168043,19.1606541397106
710,366,168043,19.404375117563
710,365,168043,19.8440025095009
711,399,168046,12.5648772194887
711,397,168046,13.3288458907591
711,396,168046,13.4355504836765
712,366,168043,13.2816657379305
712,399,168046,13.4088412950685
712,367,168043,13.5668413606545
713,399,168046,11.4829113569953
713,367,168043,11.4886012311618
713,366,168043,11.8381859646443
714,351,168043,11.521391210399
714,350,168043,11.5258774416897
714,354,168043,11.6580837386325
715,400,168046,11.7578535387239
715,395,168046,11.9040919529284
715,399,168046,12.2063329300616
716,397,168046,9.81238224701776
716,396,168046,10.3463382367784
716,399,168046,11.2405438706755
717,351,168043,14.226679640365
717,393,168046,14.5254595831784
717,396,168046,14.6321703817971
718,338,168043,7.74128991939842
718,351,168043,8.10013835558122
718,326,168043,8.31738401352035
719,338,168043,8.46843679707126
719,326,168043,8.64693321094911
719,337,168043,9.46932183215335
720,326,168043,8.19536155843429
720,340,168043,8.59149325504319
720,338,168043,8.73786766049879
721,340,168043,10.4706103167906
721,326,168043,10.4922100943267
721,338,168043,10.6828696685901
722,326,168043,8.22931329098379
722,338,168043,9.14949924986905
722,325,168043,9.1559099152701
723,327,168043,6.83189613974693
723,326,168043,7.020693612847
723,325,168043,7.39961449742202
724,326,168043,12.910530804796
724,325,168043,13.8409847588348
724,327,168043,13.904080059292
725,387,168046,15.4035730379227
725,388,168046,15.6405966437898
725,380,168046,15.7523038024321
726,395,168046,13.1112118827415
726,387,168046,13.1203779390203
726,389,168046,13.9073940331213
727,395,168046,13.3031137051776
727,400,168046,13.4142865143779
727,397,168046,13.5226559271344
728,397,168046,12.6759680009533
728,399,168046,12.7271579540903
728,400,168046,12.8955058454377
729,400,168046,9.12846009297819
729,398,168046,10.0038331717584
729,399,168046,10.0591222465296
730,367,168046,7.03648206713059
730,380,168046,7.22739687354097
730,379,168046,7.33311519668967
731,402,168046,10.0801595391271
731,401,168046,11.0001457062667
731,400,168046,11.6074986934346
732,402,168046,14.2924425985053
732,401,168046,14.7486212675706
732,380,168046,15.0556852228347
733,326,168043,15.9938625532671
733,367,168046,16.3093269837658
733,379,168046,16.5233021881228
734,380,168046,17.6102276644741
734,327,168043,17.6929480061528
734,367,168046,17.9905267929978
735,402,168046,16.4921177193181
735,380,168046,16.8237741194663
735,326,168043,16.8430136578889
736,402,168046,16.1027342727776
736,401,168046,16.4496623586709
736,395,168046,17.7188722724038
737,380,168046,17.0686458150346
737,387,168046,17.269508152628
737,395,168046,17.4423144675132
738,402,168046,18.9629933148141
738,327,168043,19.126329378317
738,380,168046,19.1285058230269
739,380,168046,17.8751690865039
739,379,168046,18.1667024436681
739,402,168046,18.3052578281329
740,401,168046,17.8180814434855
740,402,168046,17.8945180767686
740,399,168046,18.887778105491
741,401,168046,19.8235205179188
741,402,168046,20.22878928824
741,400,168046,20.4647788401456
742,401,168046,17.0127823022556
742,402,168046,17.3799125501918
742,396,168046,17.6547128964006
743,402,168046,17.4100765376288
743,401,168046,17.9112559370777
743,380,168046,18.6253767589653
744,403,168047,12.2346372478094
744,327,168043,14.586529288627
744,402,168046,14.8175394705366
745,327,168043,15.6099678185338
745,326,168043,15.8055300521213
745,380,168046,15.9753866961338
746,327,168043,13.0873851225966
746,326,168043,13.5626733663106
746,325,168043,13.8060358543613
747,327,168043,6.66685442265184
747,340,168043,7.24235310457166
747,339,168043,7.49345760500912
748,327,168043,6.8497606566003
748,326,168043,7.36892931076201
748,325,168043,7.50664489878476
749,361,168043,9.7114941600925
749,358,168043,10.0116839549113
749,360,168043,10.2706006587381
750,327,168043,8.68684395146293
750,325,168043,9.83624135659788
750,326,168043,10.3596201262114
