0,313,168052,14.6429162804689
0,333,168052,14.7653044031477
0,279,168052,14.9084428154297
1,313,168052,14.5369119298287
1,333,168052,14.6253062983901
1,350,168052,14.8342594410756
2,313,168052,14.7248391824681
2,333,168052,14.7421756807797
2,350,168052,14.986478895288
3,313,168052,14.4016324550807
3,333,168052,14.4388336643261
3,350,168052,14.592794356009
4,333,168052,14.3820937844875
4,350,168052,14.5287285915341
4,313,168052,14.6160186872182
5,333,168052,14.4894522183532
5,313,168052,14.6176832825998
5,350,168052,14.6528784520282
6,313,168052,14.5998685595577
6,279,168052,14.6403933352058
6,333,168052,14.7004880063653
7,350,168052,14.3215691882843
7,333,168052,14.3883788775299
7,351,168052,14.466484289238
8,333,168052,14.094133061747
8,313,168052,14.1234492323035
8,350,168052,14.4248768595007
9,351,168052,13.2337360963604
9,350,168052,13.9535423052355
9,313,168052,14.1353217203417
10,351,168052,13.6047176662351
10,350,168052,14.078364802407
10,313,168052,14.1659400002009
11,351,168052,14.0988841876093
11,313,168052,14.4238066991387
11,350,168052,14.4569101453804
12,351,168052,13.9260382824137
12,333,168052,14.3958577444611
12,278,168052,14.4676995112337
13,351,168052,12.9967254111306
13,350,168052,13.585560425571
13,333,168052,14.1014784461736
14,351,168052,13.4284502419735
14,333,168052,14.0624809142126
14,350,168052,14.073617638757
15,351,168052,13.4118498309233
15,333,168052,13.7681223487068
15,313,168052,13.8123625239902
16,278,168052,11.8639492226247
16,313,168052,12.0357896733328
16,279,168052,12.2872475838094
17,278,168052,11.6935271867421
17,281,168052,12.0045565695796
17,280,168052,12.3312059542535
18,278,168052,11.731616826263
18,280,168052,12.145130033875
18,281,168052,12.2662438980582
19,278,168052,9.67384865910231
19,281,168052,9.80003139602148
19,279,168052,10.2794599569541
20,350,168052,13.6746425848004
20,351,168052,13.7957214392574
20,335,168052,13.8156070547741
21,280,168052,13.7695165378438
21,281,168052,13.8237819274168
21,246,168052,14.0967876124052
22,278,168052,10.2118952568297
22,280,168052,10.3892144917489
22,246,168052,10.4884776817028
23,111,168050,10.8677036344231
23,246,168052,11.5332372676967
23,110,168050,11.5339549029231
24,111,168050,10.2548628176413
24,110,168050,11.04584886746
24,115,168050,11.5645818148074
25,110,168050,10.209471488658
25,111,168050,10.3259193656371
25,109,168050,11.4350633807018
26,111,168050,8.92014780642202
26,110,168050,9.6635068595324
26,114,168050,10.5369456104709
27,281,168052,10.258692875004
27,280,168052,10.3448445571535
27,127,168050,10.909287963487
28,247,168052,10.3439927563267
28,281,168052,10.4611040034108
28,280,168052,10.791533300797
29,281,168052,10.3825467612577
29,115,168050,10.812801619701
29,280,168052,10.9194196535906
30,287,168052,10.6994901940023
30,290,168052,11.0264726541497
30,281,168052,11.4860121168708
31,111,168050,10.5000152985061
31,110,168050,10.9098153065553
31,287,168052,11.5606044614642
32,287,168052,6.21210627087991
32,269,168052,6.34474680700123
32,260,168052,6.85005145560536
33,275,168052,5.44274789016996
33,269,168052,5.74758074902404
33,276,168052,5.91149427349182
34,290,168052,3.74094680027771
34,287,168052,3.74801412573719
34,285,168052,4.51455413276202
35,290,168052,3.44312544458155
35,287,168052,4.0701891084609
35,280,168052,4.10237864347046
36,281,168052,4.04075493018559
36,280,168052,4.32125727446928
36,287,168052,4.62957406326332
37,281,168052,4.4672914656956
37,280,168052,4.93644401724545
37,260,168052,5.97420089341115
38,280,168052,2.32643511438038
38,281,168052,2.77375146893261
38,288,168052,3.3034770132117
39,280,168052,2.73328333068222
39,281,168052,2.9944383548451
39,288,168052,3.64555663777906
40,280,168052,2.48307020442489
40,281,168052,3.16207205250649
40,279,168052,3.28267634397821
41,280,168052,2.46479868420855
41,281,168052,3.11171590500147
41,279,168052,3.177848485253
42,280,168052,2.33667407617256
42,281,168052,2.92956286837587
42,276,168052,3.32714964946854
43,280,168052,2.59023368034796
43,281,168052,2.98879187215548
43,279,168052,3.52665910701407
44,280,168052,2.51510853971326
44,281,168052,3.14359076115906
44,288,168052,3.49951969327889
45,313,168052,4.48046848427905
45,310,168052,4.82740084560072
45,304,168052,5.03885243045003
46,313,168052,3.50421571847791
46,310,168052,4.35713244135524
46,304,168052,4.53004829938722
47,333,168052,3.7141727228169
47,313,168052,4.17760693785263
47,335,168052,4.30524263054795
48,333,168052,5.18793018795299
48,335,168052,5.61349601557089
48,351,168052,5.67463461985748
49,333,168052,4.86634324921172
49,351,168052,4.9447467341078
49,350,168052,5.03196500375754
50,333,168052,3.24795648293471
50,335,168052,3.46535358215704
50,302,168052,4.01107106617796
51,335,168052,3.60453788623571
51,334,168052,4.42481791083464
51,319,168052,4.67653408457374
52,333,168052,4.47846904934343
52,335,168052,4.50671713220933
52,334,168052,5.04123309352748
53,335,168052,4.47922541215168
53,334,168052,4.75812286918327
53,319,168052,4.88913862455222
54,319,168052,5.35489253827942
54,318,168052,5.6862348931992
54,317,168052,6.06357192192412
55,355,168052,5.96863289276475
55,350,168052,6.57743722729368
55,354,168052,6.64189419175147
56,127,168050,6.78781421201488
56,140,168050,7.28918494235572
56,355,168052,7.66988782679705
57,139,168050,6.14206343724003
57,138,168050,6.35441757252967
57,140,168050,6.52583920283596
58,140,168050,5.46226935834583
58,139,168050,5.97069371598209
58,161,168050,6.67964756841811
59,161,168050,8.09641798476174
59,160,168050,8.41131548183533
59,140,168050,8.74052811132728
60,161,168050,6.3332947487948
60,160,168050,7.20138969198767
60,140,168050,7.33892199809657
61,140,168050,9.49678704465605
61,166,168050,9.60650032404294
61,139,168050,9.88574385284155
62,161,168050,12.176597688282
62,160,168050,12.4339491099615
62,170,168050,12.4536825021494
63,318,168052,11.8604790873493
63,319,168052,11.9595829265646
63,317,168052,12.5383090661244
64,198,168050,12.0160004114155
64,318,168052,12.0474419767264
64,170,168050,12.4782253304122
65,281,168052,11.0360155236825
65,280,168052,11.4553033090005
65,287,168052,11.7788382732613
66,287,168052,12.5721214385371
66,290,168052,13.1184167955349
66,318,168052,13.5248966355693
67,166,168050,13.4738190136727
67,170,168050,13.9648309866703
67,161,168050,14.2273421120326
68,166,168050,11.8342720715612
68,170,168050,12.6601100905308
68,165,168050,12.9384411638618
69,166,168050,13.8682955397895
69,170,168050,14.0864150775312
69,198,168050,14.5035049245663
70,166,168050,17.6840160533403
70,170,168050,18.1369118459736
70,140,168050,18.3386077921947
71,140,168050,18.741631929933
71,127,168050,19.0659890616947
71,166,168050,19.0750259816802
72,166,168050,16.1023815682571
72,170,168050,17.1400354391414
72,165,168050,17.3576517720292
73,166,168050,16.305796608947
73,165,168050,17.395594703939
73,167,168050,17.5966145691447
74,140,168050,15.8458503799102
74,402,168046,16.1664108980295
74,401,168046,16.1843139995945
75,161,168050,18.924255570779
75,170,168050,19.0576252096855
75,287,168052,19.2277437593877
76,166,168050,14.5048475639681
76,165,168050,15.6845017624821
76,161,168050,15.9422617610811
77,287,168052,16.55296630543
77,166,168050,17.6273121400687
77,285,168052,17.7447470313105
78,287,168052,15.4974660823498
78,366,168046,15.9941176550909
78,380,168046,16.1526640412182
79,166,168050,12.1750179561263
79,165,168050,13.3042857755487
79,170,168050,13.485161817519
80,395,168046,17.000785885585
80,387,168046,17.140413718556
80,392,168046,17.6433244075468
81,400,168046,14.4585714813519
81,395,168046,15.0673326690739
81,399,168046,15.4475013353867
82,287,168052,14.2959333299217
82,285,168052,15.5484970672004
82,397,168046,15.8491841444347
83,402,168046,13.6360008450685
83,401,168046,13.8847479807232
83,397,168046,14.3012895487958
84,399,168046,13.6150647438529
84,400,168046,13.8018575090588
84,401,168046,14.1231180359523
85,399,168046,13.7969294029218
85,402,168046,13.9806628195291
85,401,168046,14.0875005676768
86,402,168046,12.8380769988934
86,400,168046,13.447387050129
86,401,168046,13.6629165134441
87,399,168046,10.0954509494822
87,402,168046,10.4532124712722
87,401,168046,10.6715408404574
88,393,168046,8.32770245838962
88,395,168046,8.54511061145061
88,387,168046,8.55918883095335
89,395,168046,5.83961550330622
89,393,168046,6.31996349677503
89,400,168046,6.37610384532083
90,395,168046,4.64170869599285
90,387,168046,5.00397615688882
90,393,168046,5.1288544714484
91,380,168046,8.16705332532731
91,379,168046,8.35828336553685
91,387,168046,9.13461146533013
92,401,168046,4.98951058539926
92,400,168046,5.19038334934148
92,402,168046,5.60154722747391
93,366,168046,7.1333062063725
93,400,168046,7.55465350228614
93,401,168046,7.66437554122888
94,366,168046,7.37313686401374
94,367,168046,7.39307042933121
94,365,168046,7.81379300574116
95,366,168046,6.24845542459398
95,367,168046,6.6410799209394
95,365,168046,6.8137832805866
96,400,168046,6.46822008322725
96,401,168046,6.85215561273278
96,398,168046,7.22543098773123
97,402,168046,7.0015155321162
97,401,168046,7.02551274207938
97,400,168046,7.0396494933744
98,400,168046,11.638493295784
98,401,168046,12.4283125526598
98,398,168046,12.5064769818142
99,399,168046,10.5354159395558
99,401,168046,10.8086480097973
99,400,168046,10.966276391492
100,399,168046,9.15769423558796
100,402,168046,9.71975800850591
100,401,168046,10.0336554705156
101,402,168046,9.80472985003244
101,399,168046,10.5639931716163
101,401,168046,10.6194313531809
102,399,168046,10.9328305831566
102,401,168046,11.3252717527705
102,398,168046,11.6516631750753
103,400,168046,11.6751535164289
103,402,168046,12.2412309468118
103,401,168046,12.3664224643796
104,400,168046,14.2269383049402
104,399,168046,14.3009830486764
104,398,168046,14.8690659614969
105,399,168046,12.3727908043232
105,400,168046,12.4020043815143
105,397,168046,12.8776227379754
106,402,168046,13.3907651850007
106,401,168046,13.5083662748238
106,399,168046,13.6418759428986
107,402,168046,12.9964809516412
107,400,168046,13.7144052581319
107,401,168046,13.9620437250215
108,403,168044,10.5400627701138
108,400,168046,13.2059336742891
108,380,168046,13.4287054189065
109,403,168044,14.2794738166816
109,400,168046,15.5879744159415
109,380,168046,15.7116918262402
110,399,168046,13.4826715593747
110,400,168046,14.0972190612879
110,398,168046,14.333836693891
111,399,168046,14.3818992684257
111,401,168046,14.5051847942157
111,402,168046,14.5341253330198
112,402,168046,15.3803379929259
112,401,168046,15.7014785524043
112,399,168046,15.7953693241896
113,397,168046,17.3112754913155
113,384,168046,17.6246127613877
113,399,168046,17.6363081230833
114,399,168046,20.600842747598
114,401,168046,20.8277459182691
114,397,168046,21.1876229714553
115,321,168052,21.3378748078927
115,399,168046,21.6582975417874
115,401,168046,22.0022355247125
116,375,168052,21.0070588194806
116,393,168052,21.1099324339611
116,387,168052,21.286813536095
117,287,168052,17.9725246523318
117,300,168052,18.6611270799552
117,285,168052,19.0863889641748
118,18,168049,17.3860226248161
118,29,168049,17.6541435276411
118,4,168049,17.7416086952044
119,403,168044,12.6644636991167
119,4,168049,14.7451255162425
119,20,168049,15.4280794164063
120,403,168044,8.58355521859685
120,4,168049,12.521437521114
120,18,168049,13.6556112750015
121,403,168044,5.70344768713323
121,4,168049,12.6670372010172
121,3,168049,13.1304194297349
122,403,168044,6.9713176113863
122,3,168049,11.7384751635079
122,2,168049,12.9494122027722
123,403,168044,7.88699588044126
123,3,168049,10.789782569669
123,2,168049,11.8692106439512
124,4,168049,9.51177799548824
124,2,168049,10.4705739266577
124,3,168049,10.4752299482601
125,403,168044,9.02029417500735
125,4,168049,12.2120174348902
125,2,168049,13.2455198640375
126,403,168044,8.08516208252343
126,111,168043,11.0471956522061
126,110,168043,11.1635871334924
127,403,168044,6.35361164031278
127,111,168043,10.985132576868
127,95,168043,11.1152973273105
128,73,168043,9.35502781981172
128,66,168043,9.53675978576556
128,95,168043,9.58168264343517
129,66,168043,7.17154248367006
129,79,168043,7.68634925880185
129,78,168043,8.10543903306139
130,73,168043,8.24612346820435
130,71,168043,8.46428660046233
130,75,168043,8.76952784912167
131,74,168043,9.05527360772616
131,93,168043,9.399900913485
131,73,168043,9.55823777831406
132,75,168043,9.09620792007765
132,74,168043,9.48021444782855
132,93,168043,9.53627536154526
133,7,168049,8.42683239003247
133,11,168049,8.99524338467954
133,8,168049,9.00170815021976
134,3,168049,7.67684927800319
134,7,168049,8.39065169656936
134,11,168049,8.42354167250572
135,4,168049,7.00891354722534
135,3,168049,7.21547579758644
135,2,168049,7.3814393818637
136,4,168049,6.60909161692847
136,10,168049,6.61883649394152
136,11,168049,6.63656882875012
137,4,168049,6.31606984362803
137,10,168049,6.39229187366752
137,11,168049,6.63111359217779
138,7,168049,5.05736914655273
138,8,168049,5.18424940248274
138,5,168049,6.28574513153391
139,4,168049,4.87408199208073
139,2,168049,6.00515183456444
139,10,168049,6.44786884932424
140,11,168049,5.44339413438191
140,7,168049,5.6976012248064
140,3,168049,6.07275867889284
141,4,168049,8.71018098658107
141,11,168049,9.22825617000591
141,2,168049,9.24488722556634
142,7,168049,5.65291012531936
142,8,168049,6.00963417625244
142,6,168049,6.37566150501145
143,8,168049,6.07378259853054
143,7,168049,6.5699845241789
143,11,168049,7.01270636506187
144,8,168049,6.42073270520928
144,7,168049,7.03124140607754
144,6,168049,7.68919554103098
145,8,168049,9.55347889853442
145,7,168049,9.61394239604406
145,5,168049,10.9765645810715
146,7,168049,7.90643013621262
146,8,168049,8.32327110224502
146,6,168049,9.1831995756816
147,6,168043,17.9181498313704
147,7,168043,18.1242428957038
147,10,168043,18.331291763765
148,7,168049,10.6440224423999
148,8,168049,10.9158303126211
148,11,168049,11.3372816698015
149,6,168043,19.026453046622
149,10,168043,19.1547265102343
149,4,168043,19.582225495676
150,4,168043,22.162450381333
150,10,168043,23.1617665893795
150,2,168043,23.4484678034854
151,10,168043,25.4007082532141
151,4,168043,25.4800425094083
151,6,168043,25.6390235139654
152,6,168043,25.3104395996413
152,7,168043,25.4751390760388
152,8,168043,25.5297838205375
153,4,168043,23.6658947106486
153,2,168043,24.7422738018658
153,10,168043,25.1294524892061
154,4,168043,25.2281273802756
154,2,168043,26.4514913473412
154,3,168043,26.8901160118405
155,393,168052,26.1894557739003
155,388,168052,26.6349834214504
155,389,168052,26.7724793633204
156,4,168049,13.6868854276824
156,8,168049,14.0110698776021
156,10,168049,14.0266563934018
157,4,168049,12.5555128746856
157,2,168049,13.0925741366494
157,10,168049,13.4038442102594
158,4,168049,18.682871272852
158,8,168049,18.7393874517191
158,10,168049,18.8423836581128
159,4,168049,17.1707080381819
159,10,168049,18.1540025021189
159,2,168049,18.3325680812749
160,4,168049,20.2941230522185
160,393,168052,20.3784325753221
160,391,168052,20.509528359129
161,391,168052,17.8180454173467
161,393,168052,17.9403462147187
161,397,168052,17.9766705256552
162,393,168052,16.8929514397382
162,397,168052,17.3719084263352
162,392,168052,17.5120683068911
163,397,168052,16.4277825974461
163,396,168052,16.8966334791831
163,393,168052,16.963567771198
164,396,168052,17.0836914649231
164,397,168052,17.1581867971375
164,399,168052,17.6357602146252
165,392,168052,17.7760898778148
165,391,168052,18.0651490339489
165,397,168052,18.2595110780668
166,4,168043,20.900153022831
166,287,168052,20.9170511769555
166,388,168052,21.9283936605908
167,4,168043,17.9795236687057
167,2,168043,18.8891235563158
167,3,168043,19.0510718720105
168,4,168043,16.5682713975828
168,2,168043,17.76306062095
168,3,168043,18.1232069504388
169,4,168043,21.5839974792058
169,4,168049,22.2485536254757
169,2,168043,22.5703245516004
170,115,168043,22.1645081115873
170,113,168043,22.5622107467826
170,110,168043,22.6528838511797
171,110,168043,21.3033347090571
171,111,168043,21.4056027245844
171,95,168043,21.6145063240176
172,127,168043,18.8966675179935
172,125,168043,20.0878505913466
172,138,168043,20.4642591318875
173,111,168043,18.176095257303
173,114,168043,18.6777864315355
173,110,168043,18.6936601124971
174,111,168043,17.3670744837685
174,110,168043,17.772018142105
174,114,168043,18.3887536008594
175,115,168043,18.2002964092085
175,114,168043,18.933097216196
175,113,168043,19.4963218682723
176,389,168052,19.7847433173446
176,110,168043,20.1384040473781
176,113,168043,20.22750504201
177,393,168052,19.3594223931716
177,392,168052,19.7845783095316
177,389,168052,20.4911134123999
178,393,168052,19.5995870686543
178,392,168052,20.2476080937847
178,388,168052,20.7766410943935
179,393,168052,17.6246138855794
179,392,168052,18.533853530612
179,391,168052,18.8295473182187
180,114,168043,19.8291625614692
180,110,168043,20.1016394529576
180,113,168043,20.128159337755
181,114,168043,20.969292300087
181,115,168043,21.4903815902115
181,133,168043,21.5895576934971
182,393,168052,18.3559951781831
182,392,168052,19.0287407816531
182,389,168052,20.0023432585967
183,393,168052,19.338295639837
183,392,168052,19.9661269982821
183,388,168052,21.0349840599278
184,127,168043,21.1057372825833
184,115,168043,21.3032011360075
184,113,168043,21.5710465854868
185,393,168052,20.8849754939352
185,113,168043,21.3605348726213
185,127,168043,21.5653634149316
186,114,168043,18.0121539579534
186,110,168043,18.0380867508985
186,111,168043,18.1891758355905
187,126,168043,17.1481511908272
187,138,168043,17.2151661240165
187,151,168043,17.2167783557468
188,126,168043,17.8868157632551
188,138,168043,18.7057233552132
188,114,168043,18.9731623962732
189,138,168043,15.5764714379348
189,151,168043,15.725428704221
189,133,168043,15.8474472190647
190,133,168043,16.2006332910316
190,135,168043,16.4058638404568
190,151,168043,16.4467296786689
191,115,168043,13.4076041297663
191,114,168043,14.2826367405161
191,133,168043,14.3369952266685
192,126,168043,13.7579961806913
192,114,168043,14.2975059804571
192,115,168043,14.5430693329302
193,115,168043,13.5082084677425
193,114,168043,14.2596066366329
193,111,168043,14.4159459399337
194,114,168043,14.4731139922375
194,127,168043,14.4837513786346
194,115,168043,14.6028353161751
195,111,168043,15.3517709605113
195,110,168043,15.7305147826803
195,127,168043,15.7599574129997
196,111,168043,15.6351811372607
196,115,168043,15.7185537685334
196,127,168043,15.7828721659405
197,111,168043,13.8426222506535
197,110,168043,14.0653096306039
197,114,168043,14.989433271739
198,115,168043,15.8470546977137
198,127,168043,15.8682428289362
198,114,168043,16.3212019569802
199,403,168051,16.6539880518124
199,4,168049,17.1203632701751
199,3,168049,17.4108532155695
200,115,168043,16.0673724250031
200,127,168043,16.6693235115831
200,114,168043,16.865632973638
201,95,168043,16.5410114099509
201,127,168043,16.629702484468
201,110,168043,16.6438078513111
202,111,168043,11.8716248101683
202,114,168043,12.2558389411827
202,110,168043,12.2942928961192
203,114,168043,12.9834905325799
203,115,168043,13.0639000337185
203,110,168043,13.2655541440505
204,111,168043,13.5287776285544
204,110,168043,13.905002768017
204,114,168043,14.629072682695
205,110,168043,13.2728121118054
205,111,168043,13.3704639519872
205,114,168043,14.081858583293
206,111,168043,12.6028801628318
206,110,168043,13.1901671127487
206,94,168043,14.1387435216422
207,111,168043,16.2133178062751
207,110,168043,16.5703451019093
207,114,168043,17.6035061136817
208,207,168051,16.3878855678664
208,111,168043,17.0845601860846
208,238,168051,17.0890705617531
209,207,168051,16.571766600616
209,205,168051,17.5803496919313
209,206,168051,17.6417036920381
210,207,168051,12.7785616909051
210,205,168051,13.9563421902694
210,115,168043,14.2967734410956
211,127,168043,13.1454042830011
211,278,168051,13.6223260254066
211,111,168043,13.8196280482992
212,207,168051,10.9316815369289
212,206,168051,11.5706350973837
212,205,168051,11.6366505175611
213,239,168051,8.6036290850113
213,238,168051,8.93472900438403
213,237,168051,9.20228370584134
214,240,168051,4.99923377107503
214,241,168051,5.23383946462517
214,239,168051,5.4044973353613
215,238,168051,6.52608658204475
215,239,168051,7.02297542692495
215,241,168051,7.08577755864799
216,273,168051,8.39925571806521
216,266,168051,9.16392323157632
216,264,168051,9.28303968814768
217,273,168051,9.42187583785828
217,239,168051,9.70995070859222
217,238,168051,9.9003053355489
218,238,168051,9.0435819949879
218,239,168051,9.43659520353155
218,237,168051,9.80959745671093
219,295,168051,10.4871170708417
219,293,168051,10.5091474318645
219,238,168051,10.9506857705792
220,241,168051,10.3952385802301
220,266,168051,10.8359697785743
220,279,168051,10.9175437532594
221,241,168051,7.57288285226215
221,240,168051,7.74763303407408
221,238,168051,8.18401482165139
222,241,168051,8.54891781760194
222,240,168051,8.57952778619205
222,219,168051,9.07273400069252
223,241,168051,8.03355161051554
223,240,168051,8.39770874571872
223,238,168051,8.46730820794932
224,238,168051,8.2059996703492
224,240,168051,8.28522401130492
224,241,168051,8.45529679988454
225,207,168051,9.5072641897126
225,238,168051,10.0072743820999
225,241,168051,10.1797496452324
226,207,168051,8.63844117070825
226,241,168051,9.18941933143919
226,210,168051,9.31125820106631
227,207,168051,7.89290586407502
227,210,168051,8.88011705405448
227,238,168051,9.09514250373633
228,238,168051,8.09065225025385
228,239,168051,8.18960689072998
228,237,168051,8.65331544860491
229,271,168051,7.77761212302226
229,270,168051,8.24726316987861
229,275,168051,8.48181666363543
230,239,168051,7.84766572733016
230,238,168051,7.85546879631039
230,255,168051,7.8929129609217
231,255,168051,8.33987786546012
231,273,168051,8.34864900056436
231,270,168051,8.6455740071846
232,273,168051,11.2442161737555
232,286,168051,11.2762283752916
232,255,168051,11.8334749681309
233,286,168051,11.5735952011816
233,273,168051,11.8722827272202
233,275,168051,12.2310663503235
234,274,168051,11.337241979212
234,273,168051,11.5195507125864
234,270,168051,11.7031653596643
235,238,168051,13.0708142128726
235,239,168051,13.2527595150391
235,270,168051,13.4795889191416
236,271,168051,10.9385501662082
236,255,168051,11.599702068211
236,273,168051,11.7734617988508
237,271,168051,13.1313856570299
237,238,168051,13.6805804433131
237,273,168051,13.6896418775482
238,201,168051,11.2979463801507
238,200,168051,11.3976515249756
238,238,168051,11.7287000519953
239,238,168051,10.3459007143627
239,239,168051,11.1131736990375
239,237,168051,11.1490358497626
240,207,168051,8.27567081983614
240,238,168051,8.49219510069241
240,240,168051,9.00722813593249
241,207,168051,9.25240621288774
241,238,168051,9.79085668711932
241,210,168051,10.1118725653441
242,207,168051,9.47642530434473
242,205,168051,10.6759314219857
242,210,168051,10.7387141348652
243,207,168051,10.4926875830686
243,206,168051,11.0624740041521
243,205,168051,11.2868802338327
244,207,168051,11.9136756218682
244,220,168051,12.3392430870231
244,206,168051,12.4317462036574
245,207,168051,11.3276983983046
245,220,168051,11.3477368079272
245,205,168051,11.9862836391436
246,207,168051,8.91633450988482
246,220,168051,9.64087664129091
246,205,168051,9.99727935541037
247,238,168051,10.2192224384389
247,201,168051,10.4021169560555
247,210,168051,10.4100199762296
248,201,168051,10.0241838750576
248,207,168051,10.1281918106388
248,210,168051,10.2171804659264
249,180,168051,10.2728536630177
249,201,168051,10.280357520466
249,179,168051,10.4981838812048
250,166,168051,11.1218801034476
250,180,168051,11.3019833576923
250,167,168051,11.5538472190905
251,166,168051,9.40651929791079
251,167,168051,9.68829491146314
251,165,168051,9.89129559464623
252,166,168051,10.7185252567065
252,180,168051,10.9584642457078
252,179,168051,11.3882574275468
253,201,168051,11.6634844580998
253,166,168051,12.173678638235
253,200,168051,12.247599201124
254,167,168051,7.84589122063336
254,166,168051,8.23148338299109
254,165,168051,8.40369363170654
255,167,168051,9.43348605523586
255,166,168051,9.44146096497818
255,165,168051,9.81074088554077
256,198,168051,8.19935402307044
256,199,168051,8.55932803193629
256,197,168051,8.93523117632719
257,166,168051,8.56031705039736
257,165,168051,9.47660149801189
257,201,168051,9.49761946535685
258,166,168051,8.21071729220801
258,167,168051,9.02521485008731
258,165,168051,9.07248964363261
259,166,168051,8.89591968541875
259,170,168051,9.79237204676062
259,198,168051,9.8507368218561
260,170,168051,7.00036164845605
260,161,168051,7.56080376708706
260,198,168051,7.57504995751571
261,170,168051,6.465538261126
261,198,168051,6.61214813161459
261,160,168051,7.1392059888655
262,198,168051,6.8799954283223
262,201,168051,6.94937355819529
262,200,168051,7.07197363906419
263,199,168051,5.75589392183092
263,198,168051,5.87323404681905
263,215,168051,6.31028466175772
264,198,168051,6.96684417852335
264,201,168051,7.0953845641854
264,199,168051,7.28228162879653
265,201,168051,7.79478478271401
265,198,168051,7.95062692462158
265,200,168051,8.34439387176573
266,200,168051,5.03905844874427
266,198,168051,5.07657026199509
266,197,168051,5.49042152672036
267,166,168051,7.0680186116725
267,180,168051,7.70209307116879
267,170,168051,7.81034548319539
268,167,168051,6.22549387433106
268,180,168051,6.77747540062959
268,165,168051,7.10226071910385
269,180,168051,8.687303669261
269,179,168051,9.39949243370508
269,167,168051,9.46180301286352
270,100,168049,11.7832597244701
270,98,168049,12.3440110668886
270,99,168049,12.4401784244449
271,110,168049,10.5254814586119
271,109,168049,10.6614896152508
271,115,168049,10.9121039187648
272,166,168051,7.62510822690901
272,180,168051,8.44074878273885
272,165,168051,8.53995761385033
273,167,168051,7.12553342589491
273,166,168051,7.27972128893682
273,165,168051,7.65995081342252
274,167,168051,9.34571568725353
274,166,168051,9.7824510232919
274,165,168051,10.0388942389463
275,166,168051,8.69458197589937
275,165,168051,9.69421293926852
275,167,168051,9.97045373199913
276,166,168051,10.6063472002828
276,167,168051,11.08745870778
276,165,168051,11.2964788306685
277,166,168051,9.9093032289504
277,167,168051,10.4431485292021
277,165,168051,10.5939219909199
278,166,168051,12.0115073246506
278,165,168051,13.0380359493049
278,167,168051,13.2373063356964
279,111,168049,13.2143093013208
279,110,168049,13.7223711394632
279,95,168049,14.4798242131448
280,167,168051,12.4809775846734
280,166,168051,12.9824923569437
280,165,168051,13.2094909118708
281,167,168051,11.4017388669188
281,165,168051,12.4682822672009
281,166,168051,12.7052724885153
282,167,168051,12.0624209875065
282,180,168051,12.0746201618273
282,166,168051,12.1057966490884
283,95,168049,11.4049638705596
283,41,168049,11.9595399094792
283,94,168049,11.9602749348295
284,38,168049,9.70370692832984
284,40,168049,10.113383533812
284,39,168049,10.2667746223538
285,38,168049,8.83154547633184
285,41,168049,8.94562006263332
285,39,168049,9.07991111421511
286,38,168049,9.19615038451262
286,40,168049,9.31634875940392
286,3,168049,9.43566702945658
287,38,168049,11.7061207949726
287,66,168049,11.7153235177567
287,79,168049,11.7356083740685
288,38,168049,12.1366761038121
288,41,168049,12.1435695705231
288,3,168049,12.4142584053651
289,41,168049,11.7835657988095
289,38,168049,12.0660431358796
289,40,168049,12.6612188668498
290,41,168049,10.7246025663058
290,38,168049,11.3486413091856
290,95,168049,11.3589775796699
291,3,168049,13.8312134289093
291,40,168049,13.9707847333705
291,41,168049,14.2338028290376
292,38,168049,18.2200787287067
292,167,168051,18.2437116134438
292,95,168049,18.5197501854495
293,167,168051,14.0361290629443
293,165,168051,14.8844746676175
293,166,168051,14.9183589105393
294,38,168049,14.6163212656333
294,95,168049,15.3938812752406
294,39,168049,15.4373234512506
295,10,168049,11.9911889171808
295,38,168049,12.191490485062
295,3,168049,12.3503592560211
296,167,168051,16.1504678135611
296,166,168051,16.5207094209333
296,38,168049,16.6071358915289
297,180,168051,16.0255205876253
297,206,168051,16.6603456709377
297,179,168051,16.7363835909344
298,4,168049,18.0289230458365
298,235,168043,18.8629125248372
298,255,168043,18.965150587053
299,4,168049,16.4417130024024
299,231,168043,17.2048586363944
299,230,168043,17.3993054514687
300,4,168049,14.4682645837658
300,10,168049,15.1522481823692
300,2,168049,15.6543916143614
301,4,168049,13.6398162786928
301,10,168049,13.9850331880225
301,2,168049,14.6060935510726
302,4,168049,14.097099193985
302,2,168049,15.1728642704327
302,20,168049,15.419878501213
303,10,168049,13.5193264746098
303,6,168049,13.6142657865669
303,8,168049,13.8022452508307
304,10,168049,9.21701629990758
304,6,168049,9.43307261277106
304,4,168049,9.80228754541774
305,10,168049,7.07380077008532
305,6,168049,7.36068134074099
305,8,168049,8.00149651070274
306,6,168049,9.45229282541344
306,10,168049,9.52118555070049
306,38,168049,10.2302442270553
307,38,168049,7.77027620910372
307,10,168049,8.03407535837052
307,6,168049,8.45798943246422
308,6,168049,7.00021104130776
308,38,168049,7.25621567675795
308,8,168049,7.27173127078379
309,38,168049,5.79569004777901
309,37,168049,6.80179479114604
309,41,168049,6.9749435853243
310,4,168049,6.34177270580549
310,10,168049,7.05346633797677
310,2,168049,7.28869510123429
311,4,168049,5.94512440222911
311,2,168049,7.01857869838629
311,3,168049,7.34136487757294
312,3,168049,4.16014963573244
312,2,168049,5.22252893159626
312,4,168049,5.68393585305379
313,3,168049,3.88687837418198
313,18,168049,4.7885904887248
313,2,168049,4.81127953226572
314,20,168049,3.44622726132184
314,19,168049,4.42252642948447
314,3,168049,4.60255257944282
315,3,168049,3.86924245980662
315,20,168049,4.84023921622255
315,18,168049,4.9483418633295
316,18,168049,5.16404005561542
316,20,168049,5.20942156166063
316,29,168049,5.62901155137309
317,233,168043,7.71273006710095
317,255,168043,8.14375700809206
317,253,168043,8.20203458788316
318,233,168043,5.8086886205053
318,226,168043,5.94265330287486
318,255,168043,5.96921576731313
319,20,168049,5.60833963235437
319,19,168049,6.11937031574326
319,3,168049,6.74791645029334
320,19,168049,4.36989793826303
320,3,168049,4.75493365310461
320,20,168049,4.87458239714351
321,20,168049,4.75449772875329
321,19,168049,4.80882624172023
321,3,168049,5.13414325890896
322,19,168049,3.59921269702572
322,20,168049,3.69659234330309
322,41,168049,4.3629189509739
323,40,168049,3.93958275643071
323,41,168049,4.06456065387102
323,20,168049,5.09924083225988
324,4,168049,4.65711909463244
324,19,168049,5.23115330762073
324,2,168049,5.42250845307746
325,41,168049,3.4411361775647
325,40,168049,4.09148728294788
325,38,168049,4.14900144176858
326,38,168049,4.98857719131436
326,39,168049,5.17297644071741
326,26,168049,5.6333990987758
327,10,168049,5.22867771679714
327,38,168049,5.39754217768028
327,19,168049,5.8644969311099
328,3,168049,4.46023106612832
328,10,168049,5.51532619185463
328,2,168049,5.66354279049798
329,10,168049,4.84528556698273
329,19,168049,5.06705215547632
329,3,168049,5.23572068903075
330,3,168049,3.96836937791199
330,19,168049,4.04655971532363
330,41,168049,4.18169669660377
331,3,168049,4.22153504074075
331,19,168049,4.57489004486215
331,40,168049,4.67303350985357
332,41,168049,3.37894935684373
332,19,168049,3.69872640317852
332,20,168049,4.01916778035346
333,10,168049,3.42772213883645
333,41,168049,3.66135602549851
333,16,168049,4.21247673963362
334,10,168049,4.10545269918187
334,41,168049,4.36314939487487
334,16,168049,4.86216952400398
335,10,168049,3.98619801918061
335,3,168049,4.76450366095065
335,6,168049,4.92254262859416
336,41,168049,4.96683064127429
336,6,168049,5.05650522484838
336,10,168049,5.11637107170026
337,40,168049,6.2100685801332
337,3,168049,6.47791968859601
337,41,168049,6.79832423392511
338,233,168045,6.83010721693127
338,234,168045,6.99148460570051
338,253,168045,7.42885007472708
339,3,168049,5.96229923660745
339,235,168045,6.91025728571264
339,2,168049,7.00481870896449
340,246,168045,5.32036683786748
340,201,168043,5.43553875844636
340,258,168045,5.57948529596706
341,3,168049,4.92685472237488
341,160,168043,4.97959560708636
341,200,168043,5.10984616470442
342,200,168043,4.20828725922986
342,201,168043,4.24950776181847
342,10,168049,4.46382940725289
343,10,168049,3.71414893456218
343,161,168043,4.64634347596421
343,6,168049,4.76866058421233
344,10,168049,4.70979806183651
344,3,168049,4.86279005104633
344,6,168049,5.1561367412529
345,201,168043,5.72271178789251
345,200,168043,6.14092797326481
345,170,168043,6.48509660533119
346,160,168043,4.15029777925482
346,161,168043,4.58410873321493
346,168,168043,4.98447228844277
347,160,168043,4.23789167498864
347,158,168043,4.56347497298639
347,161,168043,4.64578706176041
348,161,168043,4.169979253054
348,160,168043,4.38665360351968
348,139,168043,4.66917611384907
349,161,168043,4.15175254877261
349,158,168043,4.33663557525363
349,160,168043,4.57747500687748
350,3,168049,4.57827059590985
350,140,168043,4.58162502121927
350,139,168043,4.94575046234221
351,3,168049,4.27962151677246
351,126,168043,4.31341220953514
351,140,168043,4.56056727968704
352,3,168049,4.74056079813439
352,126,168043,4.82977007865801
352,2,168049,5.92634729724389
353,126,168043,5.29025226626935
353,3,168049,5.6689816969222
353,125,168043,6.13387673613973
354,126,168043,5.29842287202193
354,3,168049,6.26474162197116
354,125,168043,6.54390353187176
355,126,168043,6.41221750636237
355,125,168043,7.26198111289977
355,127,168043,7.44976185430951
356,126,168043,4.92938879360964
356,140,168043,5.14725198316685
356,139,168043,5.47024029593353
357,3,168049,4.54166261872492
357,126,168043,4.683021273123
357,140,168043,5.04106808139811
358,3,168049,4.50139357446325
358,10,168049,4.94675754294486
358,19,168049,5.16788009580214
359,3,168049,4.1557848689924
359,10,168049,4.67935362111595
359,2,168049,4.78868793952007
360,3,168049,4.48389511209948
360,10,168049,4.67967568511195
360,20,168049,5.22663225141628
361,121,168043,4.6795490062157
361,120,168043,4.70103378323565
361,117,168043,5.98561178671959
362,120,168043,2.22543564402375
362,121,168043,2.71592061182936
362,128,168043,2.94080794422801
363,121,168043,3.8931265606737
363,120,168043,3.9018739533045
363,116,168043,4.06150251785746
364,40,168049,4.78406553927601
364,41,168049,4.81719711242063
364,39,168049,5.17763051654939
365,116,168043,3.45035420658815
365,109,168043,4.0176653284978
365,128,168043,4.4908251367666
366,99,168043,2.67165597781944
366,100,168043,2.95186524063123
366,98,168043,3.07463667243418
367,39,168049,5.12958023336943
367,109,168043,5.27280937266599
367,20,168049,5.50793912419628
368,39,168049,4.00719854447702
368,40,168049,4.27347200845763
368,37,168049,4.67438106944118
369,40,168049,2.3747772700002
369,41,168049,2.84508764107488
369,37,168049,3.53016687962191
370,41,168049,2.91504447503992
370,40,168049,3.54081350659667
370,39,168049,3.71160465645627
371,41,168049,4.73555255876071
371,39,168049,4.7627737072874
371,40,168049,5.29987427640255
372,41,168049,3.51861310947719
372,39,168049,4.22859646167649
372,40,168049,4.40614942901525
373,39,168049,3.39026328278413
373,20,168049,3.63705596955297
373,19,168049,4.04755569826177
374,20,168049,3.15579246462055
374,19,168049,4.03070665839379
374,18,168049,4.47567311488507
375,39,168049,4.15895827353135
375,40,168049,4.57139535649521
375,4,168049,4.65402782971159
376,20,168049,4.32652938508721
376,19,168049,4.3506963011936
376,4,168049,4.69107971283799
377,39,168049,3.86333410085741
377,40,168049,4.39844965425437
377,37,168049,4.62279468352951
378,19,168049,4.41530505830628
378,4,168049,4.61706984041266
378,20,168049,4.70719886622227
379,20,168049,4.82976107367458
379,4,168049,4.93216166739517
379,19,168049,5.39782721892147
380,20,168049,3.36595690302024
380,19,168049,3.93365818128419
380,36,168049,4.38157429452837
381,39,168049,2.74665683186126
381,37,168049,3.76081198557213
381,20,168049,3.85668597703355
382,40,168049,3.82676490502083
382,41,168049,3.9918579707126
382,37,168049,4.5804841471981
383,40,168049,3.75365181223378
383,39,168049,4.38907509886693
383,38,168049,4.44060467747766
384,39,168049,4.81643286867944
384,40,168049,4.84969103633846
384,41,168049,5.02722244641619
385,4,168049,9.46918830944479
385,19,168049,9.91992357129271
385,20,168049,9.98592233000956
386,4,168049,8.32076852720044
386,20,168049,8.48746068480191
386,19,168049,8.55371975545665
387,4,168049,12.4822529038596
387,3,168049,13.0127300722365
387,2,168049,13.1727469725112
388,4,168049,11.1975417714445
388,3,168049,12.0154574615803
388,2,168049,12.0788628192808
389,3,168049,12.7535498812669
389,4,168049,12.9260360697568
389,2,168049,13.2917974864242
390,127,168043,12.0766306365213
390,125,168043,12.9787116863257
390,126,168043,12.9908004142137
391,127,168043,12.1613138193471
391,125,168043,13.1750212548466
391,126,168043,13.3183787605114
392,127,168043,10.0614111776816
392,125,168043,11.2549171345238
392,140,168043,11.5575532545524
393,127,168043,9.43489813834284
393,139,168043,10.1235256067832
393,125,168043,10.4407680882438
394,161,168043,10.0204010343296
394,160,168043,10.3288943144863
394,158,168043,11.2533300211123
395,161,168043,11.3375201509333
395,160,168043,11.5396485319592
395,127,168043,11.7891206246504
396,127,168043,12.6479490137197
396,160,168043,12.7342278238754
396,140,168043,12.7398525458371
397,161,168043,9.71638488147663
397,160,168043,10.1072726809223
397,127,168043,10.3429775985931
398,161,168043,8.62025201542303
398,160,168043,8.7841772191791
398,158,168043,8.82241628778609
399,127,168043,7.25134071030502
399,158,168043,7.49719208154457
399,130,168043,7.5887896379012
400,161,168043,7.83016274505544
400,130,168043,8.4433414575497
400,158,168043,8.55868140600383
401,127,168043,8.48176337548391
401,125,168043,9.6861481443786
401,130,168043,9.98772452324839
402,127,168043,11.1629894821065
402,130,168043,11.8270484326812
402,121,168043,11.9928261039827
403,127,168043,11.6902952919817
403,125,168043,12.7694948042862
403,100,168043,12.8531373224885
404,127,168043,12.3940882527456
404,125,168043,13.5215435689779
404,126,168043,13.7528542031139
405,8,168048,13.4784253301415
405,127,168043,13.8389583906043
405,7,168048,14.0981323928617
406,8,168048,13.4559012592742
406,127,168043,13.5424618670643
406,7,168048,14.0373360240572
407,8,168048,15.1811736895088
407,7,168048,15.6236490656984
407,6,168048,16.5002001701913
408,8,168048,13.5107115341187
408,7,168048,13.5575349346142
408,14,168048,14.7009675730897
409,15,168048,15.2097453533663
409,7,168048,15.5845241745896
409,8,168048,15.6767091428256
410,15,168048,15.0294244123608
410,14,168048,15.6476069257867
410,8,168048,16.3280922304645
411,15,168048,15.5291560207628
411,8,168048,15.6270341023494
411,14,168048,15.7987642704969
412,15,168048,17.1251880403802
412,33,168048,17.4929197380191
412,14,168048,17.5314922420364
413,3,168049,14.8842464824018
413,2,168049,15.4516710778306
413,4,168049,15.4748216859194
414,3,168049,11.1934988745897
414,2,168049,12.235786250776
414,13,168049,12.4062300556776
415,18,168049,7.86055602558998
415,3,168049,8.03023163576294
415,20,168049,8.26107633387766
416,3,168049,7.87374319669259
416,18,168049,8.6854089494451
416,2,168049,9.08513353445014
417,3,168049,7.3898270561656
417,2,168049,8.36403636031909
417,4,168049,8.55465479109681
418,3,168049,6.85828756480205
418,2,168049,7.91421526934149
418,4,168049,8.10615272652191
419,3,168049,6.8539132046747
419,2,168049,7.89233191752992
419,4,168049,8.21530450289085
420,3,168049,7.94256306747828
420,4,168049,8.6810396701956
420,2,168049,8.77437045037062
421,3,168049,5.84311557592047
421,11,168049,5.88734983711791
421,7,168049,5.98538242286173
422,7,168049,5.96054917046641
422,8,168049,5.99134266588604
422,5,168049,7.30952977436311
423,8,168049,5.30416276682893
423,7,168049,5.476516120143
423,14,168049,5.60136320215883
424,7,168049,3.73294909033316
424,6,168049,4.17355993533822
424,8,168049,4.50986305587568
425,7,168049,2.39291326078439
425,14,168049,2.52900353647067
425,8,168049,2.89722748241872
426,14,168049,2.39655919450323
426,30,168049,2.86523267857813
426,15,168049,2.91858141348478
427,14,168049,2.35253752605482
427,30,168049,2.43815476618884
427,13,168049,2.79454211293136
428,30,168049,2.30881082669916
428,14,168049,2.52862330481023
428,31,168049,2.82099055865976
429,30,168049,2.38149559566656
429,14,168049,2.71583923833204
429,13,168049,2.93315670517564
430,15,168049,4.4633853020521
430,14,168049,4.52207942197851
430,8,168049,5.21082347618825
431,15,168049,3.79668498912924
431,14,168049,4.63277380875509
431,13,168049,5.21794230058883
432,15,168049,4.0897997733615
432,14,168049,4.76613450743055
432,13,168049,5.1569271178114
433,30,168049,4.97946968897558
433,31,168049,4.98617883021685
433,15,168049,5.2068880791667
434,31,168049,6.3640621834542
434,30,168049,6.73637995141143
434,35,168049,7.75914072716955
435,31,168049,5.57811969047595
435,30,168049,6.46275144688101
435,29,168049,6.62343419301442
436,30,168049,6.69038237696212
436,31,168049,7.18250192065025
436,35,168049,7.276776224823
437,31,168049,4.83208534668104
437,34,168049,5.05023044298225
437,30,168049,5.3198094629504
438,47,168049,6.40281985841765
438,50,168049,6.83150942060066
438,36,168049,7.26242041553465
439,393,168045,8.11164268775338
439,392,168045,8.5768437116656
439,50,168049,8.63421326602818
440,3,168049,6.84806929187155
440,388,168045,7.27943921783049
440,18,168049,7.35988591550185
441,20,168049,5.47847610045854
441,19,168049,6.32860397872739
441,18,168049,6.75894606120935
442,20,168049,6.01439716017638
442,19,168049,6.39794579208645
442,3,168049,6.92561124083064
443,36,168049,7.21830645812993
443,39,168049,7.26992849471595
443,389,168045,7.31719483742935
444,29,168049,7.63582155228916
444,36,168049,7.78139392404436
444,39,168049,7.81713678880487
445,389,168045,6.40092025073763
445,388,168045,6.55180449508038
445,29,168049,6.60319085668811
446,373,168045,8.00237450371311
446,375,168045,8.22156977313382
446,388,168045,8.55158658748264
447,378,168045,6.60514722297612
447,355,168045,6.86043307753197
447,373,168045,6.88482043665918
448,378,168045,5.30348325563444
448,380,168045,5.59649435578972
448,366,168045,5.87245906169079
449,366,168045,5.65389765080189
449,378,168045,5.65942703596372
449,373,168045,6.31887451066709
450,366,168045,6.85003017674606
450,378,168045,7.29289049541852
450,355,168045,7.30463425456056
451,378,168045,8.23761702044035
451,366,168045,8.51003264184052
451,388,168045,9.24444560420324
452,355,168045,7.11394908912075
452,378,168045,7.27681806429809
452,373,168045,7.38149235726668
453,47,168049,6.40742630928177
453,366,168045,7.06289492613653
453,81,168049,7.22869473418526
454,47,168049,6.65287298409032
454,366,168045,6.65584651450114
454,46,168049,7.19245808174483
455,380,168045,7.81458720223078
455,47,168049,8.06324541872145
455,366,168045,8.5918714029272
456,380,168045,5.47698027384029
456,47,168049,6.00871619137436
456,46,168049,6.24845695963623
457,46,168049,3.81257341282981
457,47,168049,4.30171341578887
457,45,168049,4.43677200374358
458,46,168049,3.84433686170246
458,47,168049,4.30178482041602
458,45,168049,4.43636740194988
459,34,168049,2.81811515380253
459,35,168049,3.20154818652954
459,32,168049,4.09994710869363
460,34,168049,2.31751517980876
460,35,168049,2.94150134179788
460,33,168049,3.13478602035262
461,30,168049,2.26004726947792
461,34,168049,2.37700614838512
461,31,168049,2.89283579411603
462,34,168049,2.54375861679814
462,35,168049,2.9273672509703
462,30,168049,3.51921650238621
463,35,168049,3.39045603616301
463,47,168049,4.04557549542786
463,34,168049,4.05597181840801
464,47,168049,4.73752641435985
464,45,168049,5.42378427474119
464,46,168049,5.57252594574324
465,46,168049,4.60558175087131
465,47,168049,4.75381277915989
465,45,168049,5.11026000908703
466,47,168049,4.01148361258011
466,46,168049,4.61267563915965
466,45,168049,4.76940443546051
467,46,168049,4.13294413128391
467,47,168049,4.60208481747126
467,45,168049,4.77021313171811
468,60,168049,3.19960734226124
468,58,168049,3.89075130769709
468,59,168049,4.14792127082167
469,60,168049,6.44547088024614
469,46,168049,6.80609764110032
469,59,168049,7.38926317268383
470,60,168049,8.98991893393193
470,58,168049,9.59527093526199
470,59,168049,9.90936709468438
471,46,168049,9.00084691867217
471,58,168049,9.63693215908625
471,45,168049,10.2570601818615
472,46,168049,9.58067924168942
472,58,168049,10.5943090261717
472,45,168049,10.6909212302236
473,60,168049,10.4419142014234
473,47,168049,11.0946284671525
473,59,168049,11.165208703915
474,60,168049,6.81012335821604
474,46,168049,7.08240667570606
474,58,168049,7.16096724671021
475,46,168049,6.33079850223043
475,45,168049,7.04321610598025
475,47,168049,7.16890111091694
476,58,168049,8.67751479382917
476,53,168049,9.22341283980949
476,46,168049,9.49199943055424
477,58,168049,4.62661379775136
477,53,168049,5.44234730869136
477,47,168049,5.53000377822529
478,47,168049,4.31175337531098
478,58,168049,4.42073121675743
478,45,168049,5.29519493733477
479,47,168049,4.28765015155582
479,58,168049,4.53765140466262
479,45,168049,4.77082841663553
480,59,168049,4.39983577919204
480,60,168049,4.42784390376365
480,58,168049,4.65696968157528
481,58,168049,3.87469912981681
481,47,168049,4.52386955864817
481,53,168049,4.81867685763709
482,47,168049,4.32830970021451
482,59,168049,4.35350366759474
482,58,168049,4.37996563493296
483,47,168049,5.73467600635391
483,45,168049,6.75605678748063
483,58,168049,7.16267557103318
484,47,168049,6.86817898327844
484,58,168049,7.35713657930699
484,53,168049,7.93678322389023
485,47,168049,6.8736638214896
485,58,168049,7.49009405030566
485,60,168049,7.58844542243804
486,60,168049,5.90881883265348
486,47,168049,6.14890003868581
486,45,168049,6.79179056787385
487,47,168049,6.06823315842052
487,46,168049,6.94833815423804
487,45,168049,6.98091464774429
488,47,168049,6.38128149791517
488,35,168049,7.26803352559794
488,45,168049,7.40386380659648
489,34,168049,8.72855405135638
489,35,168049,8.72997876940805
489,46,168049,8.96904596086128
490,35,168049,9.95605312735054
490,34,168049,10.5934316443953
490,31,168049,10.8686775383821
491,35,168049,11.2094292597806
491,34,168049,11.4909631464886
491,71,168049,11.4958567561758
492,47,168051,11.4201678226222
492,45,168051,12.41393241202
492,379,168045,12.5635774302068
493,35,168049,10.1827564319286
493,46,168049,10.451134667035
493,34,168049,10.5790076021803
494,46,168049,9.18908942229557
494,34,168049,9.21809331502793
494,31,168049,9.55646277384986
495,367,168045,11.1958870600073
495,378,168045,11.5762695558748
495,46,168049,11.8983137643874
496,46,168049,7.28709848076953
496,45,168049,8.25535323786173
496,47,168049,8.5643685176929
497,367,168045,7.26068515946442
497,378,168045,8.30956408811205
497,365,168045,8.38231103312301
498,373,168045,10.2344935067795
498,355,168045,10.5356967167552
498,354,168045,10.6050284274682
499,373,168045,11.2952516321143
499,389,168045,11.413997136771
499,388,168045,11.4424958030382
500,46,168049,12.4936293221907
500,389,168045,13.1414468723882
500,35,168049,13.1706290351871
501,388,168045,12.0014719845247
501,387,168045,12.1200891782796
501,373,168045,12.4336569914669
502,389,168045,7.68124629470198
502,388,168045,8.57429436648574
502,387,168045,9.31703512822355
503,389,168045,8.82934999536218
503,388,168045,9.37445058944462
503,375,168045,9.59669827676081
504,353,168045,10.338433565775
504,344,168045,10.7159446297356
504,375,168045,10.7416480998156
505,361,168045,14.068275281466
505,360,168045,14.9476085410161
505,358,168045,14.9785310609267
506,361,168045,12.2643894048604
506,360,168045,12.5772201177912
506,330,168045,13.8565427209282
507,360,168045,10.6003564951799
507,361,168045,10.8308646731344
507,358,168045,11.7965147630367
508,330,168045,10.7117025505061
508,326,168045,11.0205903447587
508,328,168045,11.6956435894396
509,326,168045,8.18583763073303
509,330,168045,8.86587046198399
509,309,168045,9.17411162040474
510,287,168045,12.5303288911994
510,285,168045,13.5163718695644
510,286,168045,13.6541488227906
511,287,168045,14.3451719354604
511,299,168045,14.3578714258674
511,298,168045,14.5494100568808
512,287,168045,13.3523819555197
512,286,168045,13.4317149887782
512,285,168045,13.9008284055239
513,287,168045,12.2333332672516
513,285,168045,13.3104483515783
513,298,168045,13.5951506952472
514,286,168045,13.3033662277751
514,285,168045,14.252487215408
514,287,168045,14.2807827990378
515,286,168045,13.9823926455838
515,287,168045,14.4687661401263
515,285,168045,14.7085477688493
516,287,168045,10.7951049435154
516,286,168045,11.060850368859
516,285,168045,11.3714921912332
517,287,168045,7.96856611788513
517,285,168045,8.98908067629253
517,286,168045,9.15321414835896
518,287,168045,10.760682893184
518,286,168045,11.2891734692487
518,285,168045,11.4956020200964
519,287,168045,13.4191185416119
519,300,168045,13.6744410668806
519,285,168045,14.4861051863149
520,287,168045,13.1070865623233
520,286,168045,13.4016318293286
520,285,168045,13.742521115737
521,286,168045,13.1869458632159
521,401,168046,13.7367216933483
521,402,168046,13.8274298176945
522,366,168046,14.8866838697806
522,402,168046,15.0839337539273
522,401,168046,15.833465474136
523,402,168046,17.1360536195597
523,380,168046,17.2581224670711
523,401,168046,17.4002937343565
524,401,168046,15.4165422476788
524,402,168046,15.7809047316502
524,400,168046,16.0444856971003
525,402,168046,12.9129481819873
525,401,168046,13.8068263937173
525,400,168046,13.8973441104075
526,401,168046,12.3263189858698
526,400,168046,12.6515932628262
526,397,168046,12.687694774161
527,397,168046,10.4759609738346
527,401,168046,11.3226817142398
527,396,168046,11.4167867695409
528,397,168046,11.5190088142763
528,396,168046,12.2450956920874
528,400,168046,12.5005469330568
529,397,168046,13.8342397561577
529,35,168049,14.1134802588162
529,396,168046,14.439552711333
530,397,168046,13.9938023228254
530,400,168046,14.4921371481461
530,396,168046,14.858376418814
531,46,168049,14.3462294763411
531,35,168049,14.7605363204064
531,58,168049,14.8432716315498
532,400,168046,11.7028996886252
532,384,168046,12.2278491066719
532,396,168046,12.4291477780385
533,396,168046,7.76515250763799
533,397,168046,8.13446427788134
533,393,168046,8.35683404913554
534,397,168046,12.4582152757864
534,396,168046,13.2702964196076
534,402,168046,13.3781801781017
535,402,168046,11.9446679675761
535,401,168046,12.7612242656931
535,397,168046,13.1294680040338
536,402,168046,11.3811418799931
536,397,168046,11.4410038409239
536,396,168046,12.2238318393508
537,397,168046,12.7613872725728
537,395,168046,13.4100863357712
537,393,168046,13.4716479179083
538,397,168046,11.3744701547101
538,395,168046,12.1264580260034
538,400,168046,12.2807373854799
539,395,168046,14.5500280847403
539,401,168046,14.8459335937617
539,402,168046,15.0242183248074
540,397,168046,17.0316278468799
540,402,168046,17.7886207095848
540,396,168046,17.9726883217496
541,393,168046,11.1412780318174
541,397,168046,11.1833569961732
541,396,168046,11.4859362817348
542,397,168046,12.2202073098985
542,395,168046,12.5168308933874
542,392,168046,13.0214596428268
543,397,168046,16.2735605423427
543,393,168046,16.5630373692604
543,396,168046,17.0730478340162
544,397,168046,18.1548477597737
544,396,168046,18.8627386886208
544,393,168046,18.9745810226312
545,393,168046,17.1428285352689
545,392,168046,17.253521350023
545,397,168046,17.3987198545653
546,397,168046,15.3954506211113
546,396,168046,15.9345921064517
546,393,168046,16.5228940426785
547,3,168048,16.8266493130265
547,4,168048,17.0683668128575
547,2,168048,17.4150623414473
548,4,168048,14.6633120528088
548,2,168048,15.9000003364399
548,10,168048,16.1336533718673
549,4,168048,14.8702400647151
549,2,168048,16.131708512985
549,10,168048,16.4161110522279
550,4,168048,13.020582757665
550,2,168048,14.2810612327067
550,10,168048,14.6793535873586
551,4,168048,11.7342618603978
551,10,168048,12.5049549028005
551,2,168048,12.7621660666973
552,4,168048,10.8915259078797
552,20,168048,11.8847004317918
552,2,168048,11.9778437371577
553,4,168048,9.61538232357452
553,20,168048,9.61773119686813
553,3,168048,9.66810109212725
554,20,168048,9.728533746712
554,19,168048,10.1880328838874
554,4,168048,11.2459814663296
555,66,168048,9.46788176129698
555,95,168048,9.68675036020796
555,73,168048,9.85381085923688
556,41,168048,8.44309014579601
556,4,168048,8.70927471309554
556,40,168048,8.9158031800823
557,4,168048,6.25641473743293
557,19,168048,7.24927247407593
557,2,168048,7.37712469292829
558,4,168048,4.36194821737185
558,19,168048,5.00578672690105
558,2,168048,5.35222288678074
559,4,168048,2.37421559486889
559,3,168048,2.4463844206738
559,2,168048,2.68341148841101
560,4,168048,2.08411413844934
560,2,168048,3.08951972075073
560,3,168048,3.46510685616223
561,3,168048,2.23229957525833
561,2,168048,2.57012293335925
561,4,168048,2.76189985561239
562,4,168048,2.35297416361348
562,3,168048,2.36031326470074
562,2,168048,2.6709451829605
563,4,168048,2.31611952718612
563,2,168048,2.80090615987945
563,3,168048,2.81562138685981
564,3,168048,2.09749378564479
564,4,168048,2.5590688854124
564,2,168048,2.5828233016116
565,4,168048,2.18661710701805
565,3,168048,2.55180930290594
565,2,168048,2.69071299806978
566,3,168048,2.24536777933911
566,4,168048,2.36066145217761
566,2,168048,2.56582353775274
567,3,168048,2.10236074309622
567,4,168048,2.27606545870385
567,2,168048,2.50488490202244
568,19,168048,2.4375160884705
568,3,168048,2.44835778661604
568,2,168048,3.0125031938999
569,3,168048,2.25275856010338
569,19,168048,2.54577865543322
569,2,168048,3.08667453303076
570,3,168048,2.22452462686139
570,19,168048,2.48441445390606
570,20,168048,3.05798488602462
571,3,168048,2.27054524738525
571,19,168048,2.32788574294689
571,20,168048,2.91645926298986
572,19,168048,2.35730386294901
572,3,168048,2.49248951452547
572,20,168048,2.74499245827621
573,3,168048,2.25879584147209
573,19,168048,2.6191832844415
573,20,168048,2.91908687013685
574,3,168048,2.21333326238524
574,4,168048,2.26881319304264
574,2,168048,2.52881169453113
575,4,168048,2.60016008338581
575,18,168048,3.46583802407613
575,2,168048,3.76099636910309
576,3,168048,2.25743727775563
576,2,168048,3.0393163166545
576,4,168048,3.39724396996328
577,4,168048,2.57512681287293
577,2,168048,3.43774169052443
577,3,168048,3.51893219793004
578,4,168048,2.26713012335228
578,2,168048,3.18417246958486
578,11,168048,3.62556215401096
579,11,168048,5.31365419370047
579,7,168048,5.4275384326442
579,13,168048,5.91261554720416
580,7,168048,5.65005248098875
580,11,168048,5.74343421296348
580,3,168048,6.250019066759
581,3,168048,6.99975255826236
581,8,168048,7.21521434239135
581,7,168048,7.46713785732182
582,6,168048,5.84180583064955
582,7,168048,6.08575144825135
582,5,168048,6.40164337141892
583,6,168048,7.83995529884645
583,8,168048,8.37345737132852
583,10,168048,8.41274214583095
584,6,168048,10.8449419381325
584,10,168048,11.4189933526965
584,8,168048,11.527874072877
585,41,168048,11.9298194327867
585,40,168048,12.1268656942857
585,6,168048,12.5722389431955
586,40,168048,9.75382426542562
586,38,168048,10.2399069603096
586,26,168048,10.3391697433333
587,40,168048,13.6031571680435
587,41,168048,14.1840134813458
587,26,168048,14.2416486682462
588,26,168048,11.5435236961152
588,53,168048,12.1853063710545
588,38,168048,12.2212926346723
589,26,168048,11.3847689703926
589,6,168048,11.5265282237696
589,40,168048,11.6853690335257
590,15,168048,13.5777628125279
590,14,168048,13.9537532288091
590,33,168048,14.3104203115728
591,14,168048,13.9745396893288
591,24,168048,14.0783216681923
591,15,168048,14.0893632422167
592,33,168048,12.5311984267255
592,55,168048,12.6125285114546
592,26,168048,12.8955527139605
593,53,168048,10.2431499543263
593,55,168048,10.3709163533474
593,54,168048,11.1940882175194
594,26,168048,10.2922137288295
594,33,168048,10.3196036474309
594,53,168048,10.7867195878281
595,33,168048,10.6414873677432
595,34,168048,10.9034530200019
595,53,168048,11.0584686083804
596,35,168048,12.8563502642838
596,33,168048,13.4599568735734
596,34,168048,13.6758267675221
597,35,168048,12.5132170387306
597,53,168048,12.784785224674
597,46,168048,12.8111078555708
598,46,168048,9.65989751387901
598,45,168048,10.5179994052958
598,58,168048,10.557951416205
599,71,168048,8.62048656365655
599,60,168048,9.30239846415986
599,70,168048,9.33997942726892
600,69,168048,8.74548090721812
600,58,168048,9.17514872021114
600,60,168048,9.41461538570728
601,46,168048,10.1616098220399
601,59,168048,10.3543329601676
601,58,168048,10.4238406734876
602,69,168048,13.8937403806903
602,71,168048,13.9447797202277
602,58,168048,14.2929088197336
603,87,168048,12.6753428910915
603,69,168048,13.3325932564278
603,46,168048,13.4342353513435
604,87,168048,11.7988079496413
604,69,168048,11.8442020839432
604,60,168048,12.3961801810274
605,59,168048,11.936028004589
605,58,168048,12.243948475051
605,47,168048,12.4571860268893
606,59,168048,11.2181134336105
606,47,168048,11.4506443365227
606,58,168048,11.4890523180786
607,58,168048,9.43879786269062
607,47,168048,9.9029123634429
607,60,168048,9.96272081904148
608,47,168048,7.20938145632111
608,46,168048,7.64838237132115
608,45,168048,7.88250558516154
609,47,168048,10.2654197377448
609,79,168048,11.3154476948857
609,58,168048,11.339056057947
610,60,168048,8.38643561303832
610,59,168048,8.45382771259813
610,47,168048,8.6866096211733
611,69,168048,6.6576774524287
611,76,168048,6.89068117110492
611,59,168048,7.05920172806807
612,87,168048,7.9548498822707
612,69,168048,8.31678614350507
612,85,168048,8.66058661539355
613,87,168048,8.66799707393205
613,69,168048,9.07805345765387
613,90,168048,9.37333573672082
614,60,168048,8.52488276669243
614,59,168048,9.25170396994966
614,58,168048,9.84789496373083
615,87,168048,7.60748434909892
615,90,168048,7.90860885157625
615,79,168048,8.23837167375293
616,90,168048,9.39564948495626
616,87,168048,9.5537539292936
616,76,168048,9.80008165649747
617,60,168048,6.11352130236917
617,79,168048,6.13412322506335
617,59,168048,6.55021659079098
618,46,168048,7.10215875073828
618,45,168048,8.02606910514677
618,47,168048,8.08512189562422
619,46,168048,5.79790427484986
619,45,168048,7.06950983971398
619,50,168048,7.12854827217449
620,46,168048,5.48981488803654
620,45,168048,6.53705468379019
620,50,168048,7.08544374764551
621,18,168048,9.42314659854719
621,13,168048,9.60558534214726
621,3,168048,9.69863427421585
622,402,168043,11.6033381906857
622,3,168048,11.6973083402036
622,20,168048,11.7820995654441
623,399,168043,5.77325532412917
623,397,168043,6.28080280108514
623,396,168043,6.45006100450767
624,399,168043,9.92004647253964
624,396,168043,10.5717486020621
624,397,168043,10.6387275055147
625,399,168043,6.78748137215286
625,400,168043,7.49603922475381
625,398,168043,7.65161369711484
626,397,168043,11.7760446057812
626,396,168043,11.9124818260079
626,399,168043,12.0229414648364
627,397,168043,12.4153186748021
627,399,168043,12.7567784858417
627,396,168043,12.983946248367
628,397,168043,8.22256523278798
628,399,168043,8.45087389551328
628,396,168043,8.76674507970202
629,397,168043,7.4942471085672
629,396,168043,8.38963514420334
629,399,168043,8.62285928244335
630,397,168043,10.6546595688889
630,396,168043,11.1001293529809
630,399,168043,11.3954190498809
631,397,168043,9.45152360996815
631,399,168043,10.0237598341079
631,396,168043,10.098253112712
632,397,168043,3.68947555962613
632,396,168043,4.61611048287543
632,395,168043,5.08613456128478
633,397,168043,4.76257561280249
633,396,168043,4.86748032941072
633,399,168043,4.89047838086248
634,396,168043,7.00922148144206
634,399,168043,7.07099304518925
634,397,168043,7.15858042957095
635,396,168043,4.95165565906583
635,397,168043,5.00003583068176
635,399,168043,5.47205771221566
636,393,168043,5.70815429977673
636,391,168043,5.79841896353383
636,397,168043,6.22043681610688
637,393,168043,5.07762350896519
637,392,168043,5.80106973448458
637,396,168043,6.93363461587257
638,393,168043,5.75373113170798
638,397,168043,6.37569103338766
638,392,168043,6.46970058220169
639,397,168043,3.98563230270292
639,396,168043,4.10696540045487
639,399,168043,4.85892186699417
640,396,168043,4.51420701423653
640,391,168043,4.68472618172876
640,397,168043,4.87479931411838
641,396,168043,7.21126887606749
641,397,168043,7.30084759040776
641,399,168043,7.51017637457
642,396,168043,10.2003310601673
642,397,168043,10.2601898967773
642,399,168043,10.432888510577
643,397,168043,11.789266458869
643,47,168048,12.0290109398236
643,396,168043,12.4986994499551
644,399,168043,11.2369056321538
644,396,168043,11.5016013563545
644,397,168043,11.6043529041045
645,397,168043,8.14124835164863
645,396,168043,8.93896579754921
645,399,168043,9.51226762747739
646,397,168043,6.87263674212685
646,393,168043,7.27112552733377
646,396,168043,7.40227539645942
647,393,168043,6.84412313723817
647,392,168043,7.14619348197168
647,395,168043,8.49293250353802
648,396,168043,7.39876264104928
648,397,168043,7.6534450061654
648,395,168043,8.18188427293186
649,397,168043,8.758654982433
649,396,168043,9.56599825076754
649,392,168043,10.0050771009986
650,396,168043,10.0331937034747
650,399,168043,10.2645419801072
650,397,168043,10.3249960771298
651,391,168043,11.5142257888762
651,393,168043,11.7947791052029
651,396,168043,11.8834003477591
652,46,168048,11.3411263386048
652,45,168048,12.4382049218379
652,388,168043,12.5268611121144
653,391,168043,13.5968764051969
653,384,168043,13.6480163886016
653,46,168048,13.8896252354199
654,6,168047,15.5128204465705
654,8,168047,15.8611251579614
654,7,168047,16.045018522061
655,46,168048,12.7639585618887
655,47,168048,13.3686348038696
655,45,168048,13.5475510763366
656,20,168048,14.3093878477036
656,46,168048,14.6779716692066
656,18,168048,14.7469805249948
657,26,168047,15.4304056973549
657,6,168047,15.4585873517393
657,16,168047,15.5590813930982
658,6,168047,15.4721466152264
658,7,168047,16.1605931816873
658,46,168048,16.29616244594
659,7,168047,13.6147615246993
659,6,168047,13.6445439129965
659,5,168047,14.247791379177
660,7,168047,11.9637961418639
660,6,168047,12.2293458006488
660,8,168047,12.4252498506899
661,397,168046,20.3368730120486
661,396,168046,21.050946806841
661,46,168048,21.199298941264
662,7,168047,14.0519533992739
662,8,168047,14.5867066006251
662,6,168047,14.635412555837
663,397,168046,18.5254027405167
663,396,168046,18.9929932923168
663,399,168046,19.3761599184162
664,397,168046,19.2333677698525
664,396,168046,19.2943421258531
664,399,168046,19.3738566719146
665,397,168046,19.6214268482568
665,396,168046,19.6380384700515
665,399,168046,20.1911250284775
666,397,168046,15.2189401686219
666,396,168046,15.812029785617
666,392,168046,16.9107369709425
667,397,168046,13.56926729489
667,400,168046,13.8243406625958
667,399,168046,14.038450447503
668,397,168046,12.4913348823935
668,399,168046,12.9833156828584
668,396,168046,13.1918357175496
669,393,168046,14.7957041449065
669,397,168046,15.4743652718298
669,395,168046,15.5579850961131
670,400,168046,12.3009972561646
670,395,168046,12.4457543233524
670,397,168046,13.1911366208893
671,400,168046,12.9658938115908
671,395,168046,13.4666162644613
671,399,168046,13.5724021879752
672,399,168046,9.50912277842938
672,402,168046,9.93493164279024
672,400,168046,10.2277520366724
673,399,168046,10.0537193487621
673,402,168046,10.190566008123
673,400,168046,10.401201881039
674,397,168046,13.4302346539982
674,399,168046,13.532159999992
674,396,168046,13.6309911352759
675,399,168046,13.4798175232348
675,398,168046,14.5595497200596
675,402,168046,14.5754580646119
676,399,168046,14.1321758931553
676,397,168046,14.2339210750909
676,400,168046,14.5671510092282
677,397,168046,14.92102275669
677,399,168046,15.4287191162894
677,396,168046,15.5760517130162
678,397,168046,16.4328519972074
678,400,168046,17.13328127228
678,399,168046,17.388966009332
679,397,168046,16.6852427599794
679,400,168046,16.7546934466037
679,395,168046,16.8017376891825
680,399,168046,17.8405808013915
680,397,168046,18.0008859166604
680,396,168046,18.1227349435278
681,397,168046,15.7316223809736
681,400,168046,15.8015250304546
681,395,168046,15.8048443887473
682,397,168046,14.9896695017397
682,396,168046,15.7874505644274
682,399,168046,16.2935407004531
683,397,168046,18.5247224791292
683,396,168046,19.3156096584839
683,399,168046,19.4636990640122
684,397,168046,16.3336313116535
684,399,168046,17.0552895812772
684,396,168046,17.0858936318465
685,402,168046,14.4400757964799
685,401,168046,15.2652599437046
685,399,168046,15.3143203130416
686,400,168046,16.0246737863064
686,399,168046,16.2889786552072
686,401,168046,16.6489361983511
687,399,168046,14.8572299601046
687,400,168046,14.9228036461694
687,398,168046,15.515684311985
688,399,168046,17.5362126691577
688,400,168046,17.839221430692
688,398,168046,18.1519095325296
689,400,168046,18.7880581970634
689,399,168046,19.0270675356256
689,398,168046,19.4914982591974
690,399,168046,20.7786085325267
690,400,168046,20.8042098150657
690,401,168046,21.0728070488402
691,399,168046,19.0907028196178
691,366,168043,19.56214934189
691,403,168052,19.6792633098262
692,403,168052,13.4804563557527
692,396,168046,15.937811690266
692,399,168046,16.0186015215239
693,403,168052,13.0192620148939
693,397,168046,17.3075594020274
693,366,168043,17.3836279523341
694,403,168052,15.7064409631732
694,397,168046,16.6022448063047
694,399,168046,17.0366980761218
695,397,168046,14.2735508713248
695,399,168046,14.8188677144033
695,396,168046,15.0970256031508
696,397,168046,17.6937091617429
696,396,168046,17.9133461429875
696,399,168046,18.0003098198748
697,366,168043,19.8767236802183
697,396,168046,20.3535053871279
697,397,168046,20.3602095969074
698,403,168052,14.0346989158371
698,397,168046,19.9903318529504
698,396,168046,20.2430699428255
699,403,168052,15.2114237931352
699,399,168046,20.6726503266712
699,396,168046,20.7206637196927
700,403,168052,18.0580752633096
700,399,168046,20.2230826024088
700,402,168046,20.4882136406327
701,403,168052,15.9175230298044
701,402,168046,18.4114603505455
701,401,168046,19.0099122130818
702,366,168043,13.2093970777443
702,365,168043,14.3109733297947
702,403,168052,14.3661745023326
703,403,168052,13.880333030332
703,366,168043,16.2914487267448
703,370,168043,17.263493795213
704,370,168043,14.4998392151059
704,366,168043,15.0460629431205
704,400,168043,15.2815818591928
705,403,168052,10.6228497968195
705,397,168046,18.8728236874254
705,402,168043,19.157937119821
706,397,168046,16.188105052942
706,393,168046,16.8414266333962
706,396,168046,17.0565875093697
707,403,168052,12.8099130037709
707,402,168046,17.2792413802711
707,397,168046,17.4230282807452
708,366,168043,15.3325850832346
708,367,168043,15.783809218476
708,365,168043,16.0500518160043
709,399,168046,17.7750133028178
709,367,168043,17.9155057340158
709,400,168046,17.9852878117765
710,367,168043,19.1606539245612
710,366,168043,19.4043757777298
710,365,168043,19.8440027121204
711,399,168046,12.5648772194887
711,397,168046,13.3288458907591
711,396,168046,13.4355504836765
712,366,168043,13.2816657379305
712,399,168046,13.4088412950685
712,367,168043,13.5668416348061
713,399,168046,11.4829113569953
713,367,168043,11.4886012399432
713,366,168043,11.8381860375971
714,351,168043,11.521391210399
714,350,168043,11.5258771027214
714,354,168043,11.6580835586691
715,400,168046,11.7578535387239
715,395,168046,11.9040919529284
715,399,168046,12.2063329300616
716,397,168046,9.81238224701776
716,396,168046,10.3463382367784
716,399,168046,11.2405438706755
717,351,168043,14.2266793652838
717,393,168046,14.5254595831784
717,396,168046,14.6321703817971
718,338,168043,7.74129014653171
718,351,168043,8.10013837305643
718,326,168043,8.31738425160283
719,338,168043,8.46843657864741
719,326,168043,8.64693297316584
719,337,168043,9.46932161293996
720,326,168043,8.19536155843429
720,340,168043,8.59149325504319
720,338,168043,8.73786776987975
721,340,168043,10.4706103167906
721,326,168043,10.4922100943267
721,338,168043,10.6828692184506
722,326,168043,8.22931281911733
722,338,168043,9.14949968462721
722,325,168043,9.15590944141857
723,327,168043,6.83189625252023
723,326,168043,7.02069364492412
723,325,168043,7.39961455323174
724,326,168043,12.9105306880459
724,325,168043,13.8409846546202
724,327,168043,13.904080059292
725,387,168046,15.4035730379227
725,388,168046,15.6405966437898
725,380,168046,15.7523038024321
726,395,168046,13.1112118827415
726,387,168046,13.1203779390203
726,389,168046,13.9073940331213
727,395,168046,13.3031137051776
727,400,168046,13.4142865143779
727,397,168046,13.5226559271344
728,397,168046,12.6759680009533
728,399,168046,12.7271579540903
728,400,168046,12.8955058454377
729,400,168046,9.12846009297819
729,398,168046,10.0038331717584
729,399,168046,10.0591222465296
730,367,168046,7.03648206713059
730,380,168046,7.22739687354097
730,379,168046,7.33311519668967
731,402,168046,10.0801597304578
731,401,168046,11.0001458938526
731,400,168046,11.607498900595
732,402,168046,14.2924426798877
732,401,168046,14.7486213500875
732,380,168046,15.055685287536
733,326,168043,15.9938628167726
733,367,168046,16.3093270756341
733,379,168046,16.5233020578817
734,380,168046,17.6102277174176
734,327,168043,17.6929475659953
734,367,168046,17.9905268266743
735,402,168046,16.4921175792006
735,380,168046,16.8237739895848
735,326,168043,16.8430136578889
736,402,168046,16.1027345553112
736,401,168046,16.4496626467947
736,395,168046,17.718871939872
737,380,168046,17.0686460105424
737,387,168046,17.2695083951135
737,395,168046,17.442314695322
738,402,168046,18.9629932321489
738,327,168043,19.1263290794995
738,380,168046,19.1285059618661
739,380,168046,17.8751692613645
739,379,168046,18.1667026102356
739,402,168046,18.3052579969732
740,401,168046,17.8180818298453
740,402,168046,17.8945184712573
740,399,168046,18.887778466471
741,401,168046,19.8235205179188
741,402,168046,20.22878928824
741,400,168046,20.4647788401456
742,401,168046,17.0127823022556
742,402,168046,17.3799128269231
742,396,168046,17.6547128964006
743,402,168046,17.4100768752639
743,401,168046,17.9112562892543
743,380,168046,18.6253770711562
744,403,168047,12.2346372478094
744,327,168043,14.5865292554706
744,402,168046,14.8175393219101
745,327,168043,15.6099680201498
745,326,168043,15.8055299635149
745,380,168046,15.975386705988
746,327,168043,13.0873848701441
746,326,168043,13.5626734651935
746,325,168043,13.8060356026045
747,327,168043,6.66685442265184
747,340,168043,7.24235310457166
747,339,168043,7.49345760500912
748,327,168043,6.8497606566003
748,326,168043,7.36892931076201
748,325,168043,7.50664489878476
749,361,168043,9.71149412717357
749,358,168043,10.0116839580493
749,360,168043,10.2706010003799
750,327,168043,8.68684411154686
750,325,168043,9.83624152416859
750,326,168043,10.3596203060906
